{"4": [{"img_id": "0", "img_name": "/data/weijian/Pose/BoP/templates_pandaEight/tless/000004/000000.png", "mask_name": "/data/weijian/Pose/BoP/templates_pandaEight/tless/000004/mask_000000.png", "obj_id": "4", "bbox_obj": [252, 100, 217, 343], "cam_R_m2c": [[0.7071067811865476, 0.7071067811865476, 0.0], [-0.5773502691896258, 0.5773502691896258, -0.5773502691896258], [-0.408248290463863, 0.408248290463863, 0.816496580927726]], "cam_t_m2c": [4.0856207306205765e-15, -2.486899575160351e-15, 199.87836301110735], "model_path": "/data/weijian/Pose/BoP/tless/models_cad/obj_000004.ply", "model_info": {"diameter": 80.7257, "min_x": -19.9978, "min_y": -19.9929, "min_z": -39, "size_x": 39.9956, "size_y": 39.9858, "size_z": 78, "symmetries_continuous": [{"axis": [0, 0, 1], "offset": [0, 0, 0]}]}, "cam_K": [[1075.65091572, 0.0, 360.0], [0.0, 1073.90347929, 270.0], [0.0, 0.0, 1.0]], "img_crop": "./database/templates/tless/templates_pandaEight/tless_desc_dinov2l9/000004/000000.jpg", "mask_crop": "./database/templates/tless/templates_pandaEight/tless_desc_dinov2l9/000004/mask_000000.png", "img_uv_crop": "./database/templates/tless/templates_pandaEight/tless_desc_dinov2l9/000004/uv_000000.png", "img_uv": "./database/templates/tless/templates_pandaEight/tless_desc_dinov2l9/000004/uv_full_000000.png", "img_desc": "./database/templates/tless/templates_pandaEight/tless_desc_dinov2l9/000004/000000.npy", "uv_crop": "./database/templates/tless/templates_pandaEight/tless_desc_dinov2l9/000004/000000_uv.npy", "uv": "./database/templates/tless/templates_pandaEight/tless_desc_dinov2l9/000004/000000_uv_full.npy"}, {"img_id": "1", "img_name": "/data/weijian/Pose/BoP/templates_pandaEight/tless/000004/000001.png", "mask_name": "/data/weijian/Pose/BoP/templates_pandaEight/tless/000004/mask_000001.png", "obj_id": "4", "bbox_obj": [252, 100, 217, 343], "cam_R_m2c": [[-0.7071067811865476, -0.7071067811865476, -0.0], [0.5773502691896258, -0.5773502691896258, -0.5773502691896258], [0.408248290463863, -0.408248290463863, 0.816496580927726]], "cam_t_m2c": [4.0856207306205765e-15, -2.486899575160351e-15, 199.87836301110735], "model_path": "/data/weijian/Pose/BoP/tless/models_cad/obj_000004.ply", "model_info": {"diameter": 80.7257, "min_x": -19.9978, "min_y": -19.9929, "min_z": -39, "size_x": 39.9956, "size_y": 39.9858, "size_z": 78, "symmetries_continuous": [{"axis": [0, 0, 1], "offset": [0, 0, 0]}]}, "cam_K": [[1075.65091572, 0.0, 360.0], [0.0, 1073.90347929, 270.0], [0.0, 0.0, 1.0]], "img_crop": "./database/templates/tless/templates_pandaEight/tless_desc_dinov2l9/000004/000001.jpg", "mask_crop": "./database/templates/tless/templates_pandaEight/tless_desc_dinov2l9/000004/mask_000001.png", "img_uv_crop": "./database/templates/tless/templates_pandaEight/tless_desc_dinov2l9/000004/uv_000001.png", "img_uv": "./database/templates/tless/templates_pandaEight/tless_desc_dinov2l9/000004/uv_full_000001.png", "img_desc": "./database/templates/tless/templates_pandaEight/tless_desc_dinov2l9/000004/000001.npy", "uv_crop": "./database/templates/tless/templates_pandaEight/tless_desc_dinov2l9/000004/000001_uv.npy", "uv": "./database/templates/tless/templates_pandaEight/tless_desc_dinov2l9/000004/000001_uv_full.npy"}, {"img_id": "2", "img_name": "/data/weijian/Pose/BoP/templates_pandaEight/tless/000004/000002.png", "mask_name": "/data/weijian/Pose/BoP/templates_pandaEight/tless/000004/mask_000002.png", "obj_id": "4", "bbox_obj": [237, 61, 247, 339], "cam_R_m2c": [[-0.7071067811865476, 0.7071067811865476, 0.0], [0.5773502691896258, 0.5773502691896258, -0.5773502691896258], [-0.408248290463863, -0.408248290463863, -0.816496580927726]], "cam_t_m2c": [-4.0856207306205765e-15, 2.486899575160351e-15, 199.87836301110735], "model_path": "/data/weijian/Pose/BoP/tless/models_cad/obj_000004.ply", "model_info": {"diameter": 80.7257, "min_x": -19.9978, "min_y": -19.9929, "min_z": -39, "size_x": 39.9956, "size_y": 39.9858, "size_z": 78, "symmetries_continuous": [{"axis": [0, 0, 1], "offset": [0, 0, 0]}]}, "cam_K": [[1075.65091572, 0.0, 360.0], [0.0, 1073.90347929, 270.0], [0.0, 0.0, 1.0]], "img_crop": "./database/templates/tless/templates_pandaEight/tless_desc_dinov2l9/000004/000002.jpg", "mask_crop": "./database/templates/tless/templates_pandaEight/tless_desc_dinov2l9/000004/mask_000002.png", "img_uv_crop": "./database/templates/tless/templates_pandaEight/tless_desc_dinov2l9/000004/uv_000002.png", "img_uv": "./database/templates/tless/templates_pandaEight/tless_desc_dinov2l9/000004/uv_full_000002.png", "img_desc": "./database/templates/tless/templates_pandaEight/tless_desc_dinov2l9/000004/000002.npy", "uv_crop": "./database/templates/tless/templates_pandaEight/tless_desc_dinov2l9/000004/000002_uv.npy", "uv": "./database/templates/tless/templates_pandaEight/tless_desc_dinov2l9/000004/000002_uv_full.npy"}, {"img_id": "3", "img_name": "/data/weijian/Pose/BoP/templates_pandaEight/tless/000004/000003.png", "mask_name": "/data/weijian/Pose/BoP/templates_pandaEight/tless/000004/mask_000003.png", "obj_id": "4", "bbox_obj": [237, 75, 247, 325], "cam_R_m2c": [[0.7071067811865476, -0.7071067811865476, 0.0], [-0.5773502691896258, -0.5773502691896258, -0.5773502691896258], [0.408248290463863, 0.408248290463863, -0.816496580927726]], "cam_t_m2c": [-4.0856207306205765e-15, 2.486899575160351e-15, 199.87836301110735], "model_path": "/data/weijian/Pose/BoP/tless/models_cad/obj_000004.ply", "model_info": {"diameter": 80.7257, "min_x": -19.9978, "min_y": -19.9929, "min_z": -39, "size_x": 39.9956, "size_y": 39.9858, "size_z": 78, "symmetries_continuous": [{"axis": [0, 0, 1], "offset": [0, 0, 0]}]}, "cam_K": [[1075.65091572, 0.0, 360.0], [0.0, 1073.90347929, 270.0], [0.0, 0.0, 1.0]], "img_crop": "./database/templates/tless/templates_pandaEight/tless_desc_dinov2l9/000004/000003.jpg", "mask_crop": "./database/templates/tless/templates_pandaEight/tless_desc_dinov2l9/000004/mask_000003.png", "img_uv_crop": "./database/templates/tless/templates_pandaEight/tless_desc_dinov2l9/000004/uv_000003.png", "img_uv": "./database/templates/tless/templates_pandaEight/tless_desc_dinov2l9/000004/uv_full_000003.png", "img_desc": "./database/templates/tless/templates_pandaEight/tless_desc_dinov2l9/000004/000003.npy", "uv_crop": "./database/templates/tless/templates_pandaEight/tless_desc_dinov2l9/000004/000003_uv.npy", "uv": "./database/templates/tless/templates_pandaEight/tless_desc_dinov2l9/000004/000003_uv_full.npy"}, {"img_id": "4", "img_name": "/data/weijian/Pose/BoP/templates_pandaEight/tless/000004/000004.png", "mask_name": "/data/weijian/Pose/BoP/templates_pandaEight/tless/000004/mask_000004.png", "obj_id": "4", "bbox_obj": [244, 46, 232, 420], "cam_R_m2c": [[-0.447213595499958, 0.894427190999916, 0.0], [0.36514837167011077, 0.18257418583505539, -0.9128709291752769], [-0.816496580927726, -0.408248290463863, -0.408248290463863]], "cam_t_m2c": [3.197442310920451e-15, 2.3092638912203257e-15, 199.87836301110733], "model_path": "/data/weijian/Pose/BoP/tless/models_cad/obj_000004.ply", "model_info": {"diameter": 80.7257, "min_x": -19.9978, "min_y": -19.9929, "min_z": -39, "size_x": 39.9956, "size_y": 39.9858, "size_z": 78, "symmetries_continuous": [{"axis": [0, 0, 1], "offset": [0, 0, 0]}]}, "cam_K": [[1075.65091572, 0.0, 360.0], [0.0, 1073.90347929, 270.0], [0.0, 0.0, 1.0]], "img_crop": "./database/templates/tless/templates_pandaEight/tless_desc_dinov2l9/000004/000004.jpg", "mask_crop": "./database/templates/tless/templates_pandaEight/tless_desc_dinov2l9/000004/mask_000004.png", "img_uv_crop": "./database/templates/tless/templates_pandaEight/tless_desc_dinov2l9/000004/uv_000004.png", "img_uv": "./database/templates/tless/templates_pandaEight/tless_desc_dinov2l9/000004/uv_full_000004.png", "img_desc": "./database/templates/tless/templates_pandaEight/tless_desc_dinov2l9/000004/000004.npy", "uv_crop": "./database/templates/tless/templates_pandaEight/tless_desc_dinov2l9/000004/000004_uv.npy", "uv": "./database/templates/tless/templates_pandaEight/tless_desc_dinov2l9/000004/000004_uv_full.npy"}, {"img_id": "5", "img_name": "/data/weijian/Pose/BoP/templates_pandaEight/tless/000004/000005.png", "mask_name": "/data/weijian/Pose/BoP/templates_pandaEight/tless/000004/mask_000005.png", "obj_id": "4", "bbox_obj": [252, 55, 218, 432], "cam_R_m2c": [[0.447213595499958, -0.894427190999916, 0.0], [0.36514837167011077, 0.18257418583505539, -0.9128709291752769], [0.816496580927726, 0.408248290463863, 0.408248290463863]], "cam_t_m2c": [3.197442310920451e-15, -2.3092638912203257e-15, 199.87836301110733], "model_path": "/data/weijian/Pose/BoP/tless/models_cad/obj_000004.ply", "model_info": {"diameter": 80.7257, "min_x": -19.9978, "min_y": -19.9929, "min_z": -39, "size_x": 39.9956, "size_y": 39.9858, "size_z": 78, "symmetries_continuous": [{"axis": [0, 0, 1], "offset": [0, 0, 0]}]}, "cam_K": [[1075.65091572, 0.0, 360.0], [0.0, 1073.90347929, 270.0], [0.0, 0.0, 1.0]], "img_crop": "./database/templates/tless/templates_pandaEight/tless_desc_dinov2l9/000004/000005.jpg", "mask_crop": "./database/templates/tless/templates_pandaEight/tless_desc_dinov2l9/000004/mask_000005.png", "img_uv_crop": "./database/templates/tless/templates_pandaEight/tless_desc_dinov2l9/000004/uv_000005.png", "img_uv": "./database/templates/tless/templates_pandaEight/tless_desc_dinov2l9/000004/uv_full_000005.png", "img_desc": "./database/templates/tless/templates_pandaEight/tless_desc_dinov2l9/000004/000005.npy", "uv_crop": "./database/templates/tless/templates_pandaEight/tless_desc_dinov2l9/000004/000005_uv.npy", "uv": "./database/templates/tless/templates_pandaEight/tless_desc_dinov2l9/000004/000005_uv_full.npy"}], "16": [{"img_id": "0", "img_name": "/data/weijian/Pose/BoP/templates_pandaEight/tless/000016/000000.png", "mask_name": "/data/weijian/Pose/BoP/templates_pandaEight/tless/000016/mask_000000.png", "obj_id": "16", "bbox_obj": [195, 96, 331, 371], "cam_R_m2c": [[0.7071067811865476, 0.7071067811865476, 0.0], [-0.5773502691896258, 0.5773502691896258, -0.5773502691896258], [-0.408248290463863, 0.408248290463863, 0.816496580927726]], "cam_t_m2c": [4.0856207306205765e-15, -2.486899575160351e-15, 199.87836301110735], "model_path": "/data/weijian/Pose/BoP/tless/models_cad/obj_000016.ply", "model_info": {"diameter": 69.1883, "min_x": -27.6338, "min_y": -27.6317, "min_z": -23.5, "size_x": 55.2676, "size_y": 55.2634, "size_z": 47, "symmetries_continuous": [{"axis": [0, 0, 1], "offset": [0, 0, 0]}]}, "cam_K": [[1075.65091572, 0.0, 360.0], [0.0, 1073.90347929, 270.0], [0.0, 0.0, 1.0]], "img_crop": "./database/templates/tless/templates_pandaEight/tless_desc_dinov2l9/000016/000000.jpg", "mask_crop": "./database/templates/tless/templates_pandaEight/tless_desc_dinov2l9/000016/mask_000000.png", "img_uv_crop": "./database/templates/tless/templates_pandaEight/tless_desc_dinov2l9/000016/uv_000000.png", "img_uv": "./database/templates/tless/templates_pandaEight/tless_desc_dinov2l9/000016/uv_full_000000.png", "img_desc": "./database/templates/tless/templates_pandaEight/tless_desc_dinov2l9/000016/000000.npy", "uv_crop": "./database/templates/tless/templates_pandaEight/tless_desc_dinov2l9/000016/000000_uv.npy", "uv": "./database/templates/tless/templates_pandaEight/tless_desc_dinov2l9/000016/000000_uv_full.npy"}, {"img_id": "1", "img_name": "/data/weijian/Pose/BoP/templates_pandaEight/tless/000016/000001.png", "mask_name": "/data/weijian/Pose/BoP/templates_pandaEight/tless/000016/mask_000001.png", "obj_id": "16", "bbox_obj": [195, 96, 331, 371], "cam_R_m2c": [[-0.7071067811865476, -0.7071067811865476, -0.0], [0.5773502691896258, -0.5773502691896258, -0.5773502691896258], [0.408248290463863, -0.408248290463863, 0.816496580927726]], "cam_t_m2c": [4.0856207306205765e-15, -2.486899575160351e-15, 199.87836301110735], "model_path": "/data/weijian/Pose/BoP/tless/models_cad/obj_000016.ply", "model_info": {"diameter": 69.1883, "min_x": -27.6338, "min_y": -27.6317, "min_z": -23.5, "size_x": 55.2676, "size_y": 55.2634, "size_z": 47, "symmetries_continuous": [{"axis": [0, 0, 1], "offset": [0, 0, 0]}]}, "cam_K": [[1075.65091572, 0.0, 360.0], [0.0, 1073.90347929, 270.0], [0.0, 0.0, 1.0]], "img_crop": "./database/templates/tless/templates_pandaEight/tless_desc_dinov2l9/000016/000001.jpg", "mask_crop": "./database/templates/tless/templates_pandaEight/tless_desc_dinov2l9/000016/mask_000001.png", "img_uv_crop": "./database/templates/tless/templates_pandaEight/tless_desc_dinov2l9/000016/uv_000001.png", "img_uv": "./database/templates/tless/templates_pandaEight/tless_desc_dinov2l9/000016/uv_full_000001.png", "img_desc": "./database/templates/tless/templates_pandaEight/tless_desc_dinov2l9/000016/000001.npy", "uv_crop": "./database/templates/tless/templates_pandaEight/tless_desc_dinov2l9/000016/000001_uv.npy", "uv": "./database/templates/tless/templates_pandaEight/tless_desc_dinov2l9/000016/000001_uv_full.npy"}, {"img_id": "2", "img_name": "/data/weijian/Pose/BoP/templates_pandaEight/tless/000016/000002.png", "mask_name": "/data/weijian/Pose/BoP/templates_pandaEight/tless/000016/mask_000002.png", "obj_id": "16", "bbox_obj": [212, 87, 297, 374], "cam_R_m2c": [[-0.7071067811865476, 0.7071067811865476, 0.0], [0.5773502691896258, 0.5773502691896258, -0.5773502691896258], [-0.408248290463863, -0.408248290463863, -0.816496580927726]], "cam_t_m2c": [-4.0856207306205765e-15, 2.486899575160351e-15, 199.87836301110735], "model_path": "/data/weijian/Pose/BoP/tless/models_cad/obj_000016.ply", "model_info": {"diameter": 69.1883, "min_x": -27.6338, "min_y": -27.6317, "min_z": -23.5, "size_x": 55.2676, "size_y": 55.2634, "size_z": 47, "symmetries_continuous": [{"axis": [0, 0, 1], "offset": [0, 0, 0]}]}, "cam_K": [[1075.65091572, 0.0, 360.0], [0.0, 1073.90347929, 270.0], [0.0, 0.0, 1.0]], "img_crop": "./database/templates/tless/templates_pandaEight/tless_desc_dinov2l9/000016/000002.jpg", "mask_crop": "./database/templates/tless/templates_pandaEight/tless_desc_dinov2l9/000016/mask_000002.png", "img_uv_crop": "./database/templates/tless/templates_pandaEight/tless_desc_dinov2l9/000016/uv_000002.png", "img_uv": "./database/templates/tless/templates_pandaEight/tless_desc_dinov2l9/000016/uv_full_000002.png", "img_desc": "./database/templates/tless/templates_pandaEight/tless_desc_dinov2l9/000016/000002.npy", "uv_crop": "./database/templates/tless/templates_pandaEight/tless_desc_dinov2l9/000016/000002_uv.npy", "uv": "./database/templates/tless/templates_pandaEight/tless_desc_dinov2l9/000016/000002_uv_full.npy"}, {"img_id": "3", "img_name": "/data/weijian/Pose/BoP/templates_pandaEight/tless/000016/000003.png", "mask_name": "/data/weijian/Pose/BoP/templates_pandaEight/tless/000016/mask_000003.png", "obj_id": "16", "bbox_obj": [212, 87, 297, 374], "cam_R_m2c": [[0.7071067811865476, -0.7071067811865476, 0.0], [-0.5773502691896258, -0.5773502691896258, -0.5773502691896258], [0.408248290463863, 0.408248290463863, -0.816496580927726]], "cam_t_m2c": [-4.0856207306205765e-15, 2.486899575160351e-15, 199.87836301110735], "model_path": "/data/weijian/Pose/BoP/tless/models_cad/obj_000016.ply", "model_info": {"diameter": 69.1883, "min_x": -27.6338, "min_y": -27.6317, "min_z": -23.5, "size_x": 55.2676, "size_y": 55.2634, "size_z": 47, "symmetries_continuous": [{"axis": [0, 0, 1], "offset": [0, 0, 0]}]}, "cam_K": [[1075.65091572, 0.0, 360.0], [0.0, 1073.90347929, 270.0], [0.0, 0.0, 1.0]], "img_crop": "./database/templates/tless/templates_pandaEight/tless_desc_dinov2l9/000016/000003.jpg", "mask_crop": "./database/templates/tless/templates_pandaEight/tless_desc_dinov2l9/000016/mask_000003.png", "img_uv_crop": "./database/templates/tless/templates_pandaEight/tless_desc_dinov2l9/000016/uv_000003.png", "img_uv": "./database/templates/tless/templates_pandaEight/tless_desc_dinov2l9/000016/uv_full_000003.png", "img_desc": "./database/templates/tless/templates_pandaEight/tless_desc_dinov2l9/000016/000003.npy", "uv_crop": "./database/templates/tless/templates_pandaEight/tless_desc_dinov2l9/000016/000003_uv.npy", "uv": "./database/templates/tless/templates_pandaEight/tless_desc_dinov2l9/000016/000003_uv_full.npy"}, {"img_id": "4", "img_name": "/data/weijian/Pose/BoP/templates_pandaEight/tless/000016/000004.png", "mask_name": "/data/weijian/Pose/BoP/templates_pandaEight/tless/000016/mask_000004.png", "obj_id": "16", "bbox_obj": [216, 112, 289, 348], "cam_R_m2c": [[-0.447213595499958, 0.894427190999916, 0.0], [0.36514837167011077, 0.18257418583505539, -0.9128709291752769], [-0.816496580927726, -0.408248290463863, -0.408248290463863]], "cam_t_m2c": [3.197442310920451e-15, 2.3092638912203257e-15, 199.87836301110733], "model_path": "/data/weijian/Pose/BoP/tless/models_cad/obj_000016.ply", "model_info": {"diameter": 69.1883, "min_x": -27.6338, "min_y": -27.6317, "min_z": -23.5, "size_x": 55.2676, "size_y": 55.2634, "size_z": 47, "symmetries_continuous": [{"axis": [0, 0, 1], "offset": [0, 0, 0]}]}, "cam_K": [[1075.65091572, 0.0, 360.0], [0.0, 1073.90347929, 270.0], [0.0, 0.0, 1.0]], "img_crop": "./database/templates/tless/templates_pandaEight/tless_desc_dinov2l9/000016/000004.jpg", "mask_crop": "./database/templates/tless/templates_pandaEight/tless_desc_dinov2l9/000016/mask_000004.png", "img_uv_crop": "./database/templates/tless/templates_pandaEight/tless_desc_dinov2l9/000016/uv_000004.png", "img_uv": "./database/templates/tless/templates_pandaEight/tless_desc_dinov2l9/000016/uv_full_000004.png", "img_desc": "./database/templates/tless/templates_pandaEight/tless_desc_dinov2l9/000016/000004.npy", "uv_crop": "./database/templates/tless/templates_pandaEight/tless_desc_dinov2l9/000016/000004_uv.npy", "uv": "./database/templates/tless/templates_pandaEight/tless_desc_dinov2l9/000016/000004_uv_full.npy"}, {"img_id": "5", "img_name": "/data/weijian/Pose/BoP/templates_pandaEight/tless/000016/000005.png", "mask_name": "/data/weijian/Pose/BoP/templates_pandaEight/tless/000016/mask_000005.png", "obj_id": "16", "bbox_obj": [202, 92, 317, 342], "cam_R_m2c": [[0.447213595499958, -0.894427190999916, 0.0], [0.36514837167011077, 0.18257418583505539, -0.9128709291752769], [0.816496580927726, 0.408248290463863, 0.408248290463863]], "cam_t_m2c": [3.197442310920451e-15, -2.3092638912203257e-15, 199.87836301110733], "model_path": "/data/weijian/Pose/BoP/tless/models_cad/obj_000016.ply", "model_info": {"diameter": 69.1883, "min_x": -27.6338, "min_y": -27.6317, "min_z": -23.5, "size_x": 55.2676, "size_y": 55.2634, "size_z": 47, "symmetries_continuous": [{"axis": [0, 0, 1], "offset": [0, 0, 0]}]}, "cam_K": [[1075.65091572, 0.0, 360.0], [0.0, 1073.90347929, 270.0], [0.0, 0.0, 1.0]], "img_crop": "./database/templates/tless/templates_pandaEight/tless_desc_dinov2l9/000016/000005.jpg", "mask_crop": "./database/templates/tless/templates_pandaEight/tless_desc_dinov2l9/000016/mask_000005.png", "img_uv_crop": "./database/templates/tless/templates_pandaEight/tless_desc_dinov2l9/000016/uv_000005.png", "img_uv": "./database/templates/tless/templates_pandaEight/tless_desc_dinov2l9/000016/uv_full_000005.png", "img_desc": "./database/templates/tless/templates_pandaEight/tless_desc_dinov2l9/000016/000005.npy", "uv_crop": "./database/templates/tless/templates_pandaEight/tless_desc_dinov2l9/000016/000005_uv.npy", "uv": "./database/templates/tless/templates_pandaEight/tless_desc_dinov2l9/000016/000005_uv_full.npy"}], "15": [{"img_id": "0", "img_name": "/data/weijian/Pose/BoP/templates_pandaEight/tless/000015/000000.png", "mask_name": "/data/weijian/Pose/BoP/templates_pandaEight/tless/000015/mask_000000.png", "obj_id": "15", "bbox_obj": [229, 98, 263, 357], "cam_R_m2c": [[0.7071067811865476, 0.7071067811865476, 0.0], [-0.5773502691896258, 0.5773502691896258, -0.5773502691896258], [-0.408248290463863, 0.408248290463863, 0.816496580927726]], "cam_t_m2c": [4.0856207306205765e-15, -2.486899575160351e-15, 199.87836301110735], "model_path": "/data/weijian/Pose/BoP/tless/models_cad/obj_000015.ply", "model_info": {"diameter": 68.5692, "min_x": -22.2738, "min_y": -22.2771, "min_z": -27.5, "size_x": 44.5476, "size_y": 44.5542, "size_z": 55, "symmetries_continuous": [{"axis": [0, 0, 1], "offset": [0, 0, 0]}]}, "cam_K": [[1075.65091572, 0.0, 360.0], [0.0, 1073.90347929, 270.0], [0.0, 0.0, 1.0]], "img_crop": "./database/templates/tless/templates_pandaEight/tless_desc_dinov2l9/000015/000000.jpg", "mask_crop": "./database/templates/tless/templates_pandaEight/tless_desc_dinov2l9/000015/mask_000000.png", "img_uv_crop": "./database/templates/tless/templates_pandaEight/tless_desc_dinov2l9/000015/uv_000000.png", "img_uv": "./database/templates/tless/templates_pandaEight/tless_desc_dinov2l9/000015/uv_full_000000.png", "img_desc": "./database/templates/tless/templates_pandaEight/tless_desc_dinov2l9/000015/000000.npy", "uv_crop": "./database/templates/tless/templates_pandaEight/tless_desc_dinov2l9/000015/000000_uv.npy", "uv": "./database/templates/tless/templates_pandaEight/tless_desc_dinov2l9/000015/000000_uv_full.npy"}, {"img_id": "1", "img_name": "/data/weijian/Pose/BoP/templates_pandaEight/tless/000015/000001.png", "mask_name": "/data/weijian/Pose/BoP/templates_pandaEight/tless/000015/mask_000001.png", "obj_id": "15", "bbox_obj": [229, 98, 263, 357], "cam_R_m2c": [[-0.7071067811865476, -0.7071067811865476, -0.0], [0.5773502691896258, -0.5773502691896258, -0.5773502691896258], [0.408248290463863, -0.408248290463863, 0.816496580927726]], "cam_t_m2c": [4.0856207306205765e-15, -2.486899575160351e-15, 199.87836301110735], "model_path": "/data/weijian/Pose/BoP/tless/models_cad/obj_000015.ply", "model_info": {"diameter": 68.5692, "min_x": -22.2738, "min_y": -22.2771, "min_z": -27.5, "size_x": 44.5476, "size_y": 44.5542, "size_z": 55, "symmetries_continuous": [{"axis": [0, 0, 1], "offset": [0, 0, 0]}]}, "cam_K": [[1075.65091572, 0.0, 360.0], [0.0, 1073.90347929, 270.0], [0.0, 0.0, 1.0]], "img_crop": "./database/templates/tless/templates_pandaEight/tless_desc_dinov2l9/000015/000001.jpg", "mask_crop": "./database/templates/tless/templates_pandaEight/tless_desc_dinov2l9/000015/mask_000001.png", "img_uv_crop": "./database/templates/tless/templates_pandaEight/tless_desc_dinov2l9/000015/uv_000001.png", "img_uv": "./database/templates/tless/templates_pandaEight/tless_desc_dinov2l9/000015/uv_full_000001.png", "img_desc": "./database/templates/tless/templates_pandaEight/tless_desc_dinov2l9/000015/000001.npy", "uv_crop": "./database/templates/tless/templates_pandaEight/tless_desc_dinov2l9/000015/000001_uv.npy", "uv": "./database/templates/tless/templates_pandaEight/tless_desc_dinov2l9/000015/000001_uv_full.npy"}, {"img_id": "2", "img_name": "/data/weijian/Pose/BoP/templates_pandaEight/tless/000015/000002.png", "mask_name": "/data/weijian/Pose/BoP/templates_pandaEight/tless/000015/mask_000002.png", "obj_id": "15", "bbox_obj": [225, 82, 271, 354], "cam_R_m2c": [[-0.7071067811865476, 0.7071067811865476, 0.0], [0.5773502691896258, 0.5773502691896258, -0.5773502691896258], [-0.408248290463863, -0.408248290463863, -0.816496580927726]], "cam_t_m2c": [-4.0856207306205765e-15, 2.486899575160351e-15, 199.87836301110735], "model_path": "/data/weijian/Pose/BoP/tless/models_cad/obj_000015.ply", "model_info": {"diameter": 68.5692, "min_x": -22.2738, "min_y": -22.2771, "min_z": -27.5, "size_x": 44.5476, "size_y": 44.5542, "size_z": 55, "symmetries_continuous": [{"axis": [0, 0, 1], "offset": [0, 0, 0]}]}, "cam_K": [[1075.65091572, 0.0, 360.0], [0.0, 1073.90347929, 270.0], [0.0, 0.0, 1.0]], "img_crop": "./database/templates/tless/templates_pandaEight/tless_desc_dinov2l9/000015/000002.jpg", "mask_crop": "./database/templates/tless/templates_pandaEight/tless_desc_dinov2l9/000015/mask_000002.png", "img_uv_crop": "./database/templates/tless/templates_pandaEight/tless_desc_dinov2l9/000015/uv_000002.png", "img_uv": "./database/templates/tless/templates_pandaEight/tless_desc_dinov2l9/000015/uv_full_000002.png", "img_desc": "./database/templates/tless/templates_pandaEight/tless_desc_dinov2l9/000015/000002.npy", "uv_crop": "./database/templates/tless/templates_pandaEight/tless_desc_dinov2l9/000015/000002_uv.npy", "uv": "./database/templates/tless/templates_pandaEight/tless_desc_dinov2l9/000015/000002_uv_full.npy"}, {"img_id": "3", "img_name": "/data/weijian/Pose/BoP/templates_pandaEight/tless/000015/000003.png", "mask_name": "/data/weijian/Pose/BoP/templates_pandaEight/tless/000015/mask_000003.png", "obj_id": "15", "bbox_obj": [225, 82, 271, 354], "cam_R_m2c": [[0.7071067811865476, -0.7071067811865476, 0.0], [-0.5773502691896258, -0.5773502691896258, -0.5773502691896258], [0.408248290463863, 0.408248290463863, -0.816496580927726]], "cam_t_m2c": [-4.0856207306205765e-15, 2.486899575160351e-15, 199.87836301110735], "model_path": "/data/weijian/Pose/BoP/tless/models_cad/obj_000015.ply", "model_info": {"diameter": 68.5692, "min_x": -22.2738, "min_y": -22.2771, "min_z": -27.5, "size_x": 44.5476, "size_y": 44.5542, "size_z": 55, "symmetries_continuous": [{"axis": [0, 0, 1], "offset": [0, 0, 0]}]}, "cam_K": [[1075.65091572, 0.0, 360.0], [0.0, 1073.90347929, 270.0], [0.0, 0.0, 1.0]], "img_crop": "./database/templates/tless/templates_pandaEight/tless_desc_dinov2l9/000015/000003.jpg", "mask_crop": "./database/templates/tless/templates_pandaEight/tless_desc_dinov2l9/000015/mask_000003.png", "img_uv_crop": "./database/templates/tless/templates_pandaEight/tless_desc_dinov2l9/000015/uv_000003.png", "img_uv": "./database/templates/tless/templates_pandaEight/tless_desc_dinov2l9/000015/uv_full_000003.png", "img_desc": "./database/templates/tless/templates_pandaEight/tless_desc_dinov2l9/000015/000003.npy", "uv_crop": "./database/templates/tless/templates_pandaEight/tless_desc_dinov2l9/000015/000003_uv.npy", "uv": "./database/templates/tless/templates_pandaEight/tless_desc_dinov2l9/000015/000003_uv_full.npy"}, {"img_id": "4", "img_name": "/data/weijian/Pose/BoP/templates_pandaEight/tless/000015/000004.png", "mask_name": "/data/weijian/Pose/BoP/templates_pandaEight/tless/000015/mask_000004.png", "obj_id": "15", "bbox_obj": [232, 96, 257, 361], "cam_R_m2c": [[-0.447213595499958, 0.894427190999916, 0.0], [0.36514837167011077, 0.18257418583505539, -0.9128709291752769], [-0.816496580927726, -0.408248290463863, -0.408248290463863]], "cam_t_m2c": [3.197442310920451e-15, 2.3092638912203257e-15, 199.87836301110733], "model_path": "/data/weijian/Pose/BoP/tless/models_cad/obj_000015.ply", "model_info": {"diameter": 68.5692, "min_x": -22.2738, "min_y": -22.2771, "min_z": -27.5, "size_x": 44.5476, "size_y": 44.5542, "size_z": 55, "symmetries_continuous": [{"axis": [0, 0, 1], "offset": [0, 0, 0]}]}, "cam_K": [[1075.65091572, 0.0, 360.0], [0.0, 1073.90347929, 270.0], [0.0, 0.0, 1.0]], "img_crop": "./database/templates/tless/templates_pandaEight/tless_desc_dinov2l9/000015/000004.jpg", "mask_crop": "./database/templates/tless/templates_pandaEight/tless_desc_dinov2l9/000015/mask_000004.png", "img_uv_crop": "./database/templates/tless/templates_pandaEight/tless_desc_dinov2l9/000015/uv_000004.png", "img_uv": "./database/templates/tless/templates_pandaEight/tless_desc_dinov2l9/000015/uv_full_000004.png", "img_desc": "./database/templates/tless/templates_pandaEight/tless_desc_dinov2l9/000015/000004.npy", "uv_crop": "./database/templates/tless/templates_pandaEight/tless_desc_dinov2l9/000015/000004_uv.npy", "uv": "./database/templates/tless/templates_pandaEight/tless_desc_dinov2l9/000015/000004_uv_full.npy"}, {"img_id": "5", "img_name": "/data/weijian/Pose/BoP/templates_pandaEight/tless/000015/000005.png", "mask_name": "/data/weijian/Pose/BoP/templates_pandaEight/tless/000015/mask_000005.png", "obj_id": "15", "bbox_obj": [235, 81, 251, 364], "cam_R_m2c": [[0.447213595499958, -0.894427190999916, 0.0], [0.36514837167011077, 0.18257418583505539, -0.9128709291752769], [0.816496580927726, 0.408248290463863, 0.408248290463863]], "cam_t_m2c": [3.197442310920451e-15, -2.3092638912203257e-15, 199.87836301110733], "model_path": "/data/weijian/Pose/BoP/tless/models_cad/obj_000015.ply", "model_info": {"diameter": 68.5692, "min_x": -22.2738, "min_y": -22.2771, "min_z": -27.5, "size_x": 44.5476, "size_y": 44.5542, "size_z": 55, "symmetries_continuous": [{"axis": [0, 0, 1], "offset": [0, 0, 0]}]}, "cam_K": [[1075.65091572, 0.0, 360.0], [0.0, 1073.90347929, 270.0], [0.0, 0.0, 1.0]], "img_crop": "./database/templates/tless/templates_pandaEight/tless_desc_dinov2l9/000015/000005.jpg", "mask_crop": "./database/templates/tless/templates_pandaEight/tless_desc_dinov2l9/000015/mask_000005.png", "img_uv_crop": "./database/templates/tless/templates_pandaEight/tless_desc_dinov2l9/000015/uv_000005.png", "img_uv": "./database/templates/tless/templates_pandaEight/tless_desc_dinov2l9/000015/uv_full_000005.png", "img_desc": "./database/templates/tless/templates_pandaEight/tless_desc_dinov2l9/000015/000005.npy", "uv_crop": "./database/templates/tless/templates_pandaEight/tless_desc_dinov2l9/000015/000005_uv.npy", "uv": "./database/templates/tless/templates_pandaEight/tless_desc_dinov2l9/000015/000005_uv_full.npy"}], "29": [{"img_id": "0", "img_name": "/data/weijian/Pose/BoP/templates_pandaEight/tless/000029/000000.png", "mask_name": "/data/weijian/Pose/BoP/templates_pandaEight/tless/000029/mask_000000.png", "obj_id": "29", "bbox_obj": [4, 0, 716, 540], "cam_R_m2c": [[0.7071067811865476, 0.7071067811865476, 0.0], [-0.5773502691896258, 0.5773502691896258, -0.5773502691896258], [-0.408248290463863, 0.408248290463863, 0.816496580927726]], "cam_t_m2c": [4.0856207306205765e-15, -2.486899575160351e-15, 199.87836301110735], "model_path": "/data/weijian/Pose/BoP/tless/models_cad/obj_000029.ply", "model_info": {"diameter": 134.227, "min_x": -56.5, "min_y": -39, "min_z": -28.4, "size_x": 113, "size_y": 78, "size_z": 56.8, "symmetries_discrete": [[-1, -4.63077e-14, 0, 0, 4.63077e-14, -1, 0, 0, 0, 0, 1, 0, 0, 0, 0, 1]]}, "cam_K": [[1075.65091572, 0.0, 360.0], [0.0, 1073.90347929, 270.0], [0.0, 0.0, 1.0]], "img_crop": "./database/templates/tless/templates_pandaEight/tless_desc_dinov2l9/000029/000000.jpg", "mask_crop": "./database/templates/tless/templates_pandaEight/tless_desc_dinov2l9/000029/mask_000000.png", "img_uv_crop": "./database/templates/tless/templates_pandaEight/tless_desc_dinov2l9/000029/uv_000000.png", "img_uv": "./database/templates/tless/templates_pandaEight/tless_desc_dinov2l9/000029/uv_full_000000.png", "img_desc": "./database/templates/tless/templates_pandaEight/tless_desc_dinov2l9/000029/000000.npy", "uv_crop": "./database/templates/tless/templates_pandaEight/tless_desc_dinov2l9/000029/000000_uv.npy", "uv": "./database/templates/tless/templates_pandaEight/tless_desc_dinov2l9/000029/000000_uv_full.npy"}, {"img_id": "1", "img_name": "/data/weijian/Pose/BoP/templates_pandaEight/tless/000029/000001.png", "mask_name": "/data/weijian/Pose/BoP/templates_pandaEight/tless/000029/mask_000001.png", "obj_id": "29", "bbox_obj": [4, 0, 716, 540], "cam_R_m2c": [[-0.7071067811865476, -0.7071067811865476, -0.0], [0.5773502691896258, -0.5773502691896258, -0.5773502691896258], [0.408248290463863, -0.408248290463863, 0.816496580927726]], "cam_t_m2c": [4.0856207306205765e-15, -2.486899575160351e-15, 199.87836301110735], "model_path": "/data/weijian/Pose/BoP/tless/models_cad/obj_000029.ply", "model_info": {"diameter": 134.227, "min_x": -56.5, "min_y": -39, "min_z": -28.4, "size_x": 113, "size_y": 78, "size_z": 56.8, "symmetries_discrete": [[-1, -4.63077e-14, 0, 0, 4.63077e-14, -1, 0, 0, 0, 0, 1, 0, 0, 0, 0, 1]]}, "cam_K": [[1075.65091572, 0.0, 360.0], [0.0, 1073.90347929, 270.0], [0.0, 0.0, 1.0]], "img_crop": "./database/templates/tless/templates_pandaEight/tless_desc_dinov2l9/000029/000001.jpg", "mask_crop": "./database/templates/tless/templates_pandaEight/tless_desc_dinov2l9/000029/mask_000001.png", "img_uv_crop": "./database/templates/tless/templates_pandaEight/tless_desc_dinov2l9/000029/uv_000001.png", "img_uv": "./database/templates/tless/templates_pandaEight/tless_desc_dinov2l9/000029/uv_full_000001.png", "img_desc": "./database/templates/tless/templates_pandaEight/tless_desc_dinov2l9/000029/000001.npy", "uv_crop": "./database/templates/tless/templates_pandaEight/tless_desc_dinov2l9/000029/000001_uv.npy", "uv": "./database/templates/tless/templates_pandaEight/tless_desc_dinov2l9/000029/000001_uv_full.npy"}, {"img_id": "2", "img_name": "/data/weijian/Pose/BoP/templates_pandaEight/tless/000029/000002.png", "mask_name": "/data/weijian/Pose/BoP/templates_pandaEight/tless/000029/mask_000002.png", "obj_id": "29", "bbox_obj": [0, 0, 709, 540], "cam_R_m2c": [[-0.7071067811865476, 0.7071067811865476, 0.0], [0.5773502691896258, 0.5773502691896258, -0.5773502691896258], [-0.408248290463863, -0.408248290463863, -0.816496580927726]], "cam_t_m2c": [-4.0856207306205765e-15, 2.486899575160351e-15, 199.87836301110735], "model_path": "/data/weijian/Pose/BoP/tless/models_cad/obj_000029.ply", "model_info": {"diameter": 134.227, "min_x": -56.5, "min_y": -39, "min_z": -28.4, "size_x": 113, "size_y": 78, "size_z": 56.8, "symmetries_discrete": [[-1, -4.63077e-14, 0, 0, 4.63077e-14, -1, 0, 0, 0, 0, 1, 0, 0, 0, 0, 1]]}, "cam_K": [[1075.65091572, 0.0, 360.0], [0.0, 1073.90347929, 270.0], [0.0, 0.0, 1.0]], "img_crop": "./database/templates/tless/templates_pandaEight/tless_desc_dinov2l9/000029/000002.jpg", "mask_crop": "./database/templates/tless/templates_pandaEight/tless_desc_dinov2l9/000029/mask_000002.png", "img_uv_crop": "./database/templates/tless/templates_pandaEight/tless_desc_dinov2l9/000029/uv_000002.png", "img_uv": "./database/templates/tless/templates_pandaEight/tless_desc_dinov2l9/000029/uv_full_000002.png", "img_desc": "./database/templates/tless/templates_pandaEight/tless_desc_dinov2l9/000029/000002.npy", "uv_crop": "./database/templates/tless/templates_pandaEight/tless_desc_dinov2l9/000029/000002_uv.npy", "uv": "./database/templates/tless/templates_pandaEight/tless_desc_dinov2l9/000029/000002_uv_full.npy"}, {"img_id": "3", "img_name": "/data/weijian/Pose/BoP/templates_pandaEight/tless/000029/000003.png", "mask_name": "/data/weijian/Pose/BoP/templates_pandaEight/tless/000029/mask_000003.png", "obj_id": "29", "bbox_obj": [0, 0, 709, 540], "cam_R_m2c": [[0.7071067811865476, -0.7071067811865476, 0.0], [-0.5773502691896258, -0.5773502691896258, -0.5773502691896258], [0.408248290463863, 0.408248290463863, -0.816496580927726]], "cam_t_m2c": [-4.0856207306205765e-15, 2.486899575160351e-15, 199.87836301110735], "model_path": "/data/weijian/Pose/BoP/tless/models_cad/obj_000029.ply", "model_info": {"diameter": 134.227, "min_x": -56.5, "min_y": -39, "min_z": -28.4, "size_x": 113, "size_y": 78, "size_z": 56.8, "symmetries_discrete": [[-1, -4.63077e-14, 0, 0, 4.63077e-14, -1, 0, 0, 0, 0, 1, 0, 0, 0, 0, 1]]}, "cam_K": [[1075.65091572, 0.0, 360.0], [0.0, 1073.90347929, 270.0], [0.0, 0.0, 1.0]], "img_crop": "./database/templates/tless/templates_pandaEight/tless_desc_dinov2l9/000029/000003.jpg", "mask_crop": "./database/templates/tless/templates_pandaEight/tless_desc_dinov2l9/000029/mask_000003.png", "img_uv_crop": "./database/templates/tless/templates_pandaEight/tless_desc_dinov2l9/000029/uv_000003.png", "img_uv": "./database/templates/tless/templates_pandaEight/tless_desc_dinov2l9/000029/uv_full_000003.png", "img_desc": "./database/templates/tless/templates_pandaEight/tless_desc_dinov2l9/000029/000003.npy", "uv_crop": "./database/templates/tless/templates_pandaEight/tless_desc_dinov2l9/000029/000003_uv.npy", "uv": "./database/templates/tless/templates_pandaEight/tless_desc_dinov2l9/000029/000003_uv_full.npy"}, {"img_id": "4", "img_name": "/data/weijian/Pose/BoP/templates_pandaEight/tless/000029/000004.png", "mask_name": "/data/weijian/Pose/BoP/templates_pandaEight/tless/000029/mask_000004.png", "obj_id": "29", "bbox_obj": [0, 48, 639, 492], "cam_R_m2c": [[-0.447213595499958, 0.894427190999916, 0.0], [0.36514837167011077, 0.18257418583505539, -0.9128709291752769], [-0.816496580927726, -0.408248290463863, -0.408248290463863]], "cam_t_m2c": [3.197442310920451e-15, 2.3092638912203257e-15, 199.87836301110733], "model_path": "/data/weijian/Pose/BoP/tless/models_cad/obj_000029.ply", "model_info": {"diameter": 134.227, "min_x": -56.5, "min_y": -39, "min_z": -28.4, "size_x": 113, "size_y": 78, "size_z": 56.8, "symmetries_discrete": [[-1, -4.63077e-14, 0, 0, 4.63077e-14, -1, 0, 0, 0, 0, 1, 0, 0, 0, 0, 1]]}, "cam_K": [[1075.65091572, 0.0, 360.0], [0.0, 1073.90347929, 270.0], [0.0, 0.0, 1.0]], "img_crop": "./database/templates/tless/templates_pandaEight/tless_desc_dinov2l9/000029/000004.jpg", "mask_crop": "./database/templates/tless/templates_pandaEight/tless_desc_dinov2l9/000029/mask_000004.png", "img_uv_crop": "./database/templates/tless/templates_pandaEight/tless_desc_dinov2l9/000029/uv_000004.png", "img_uv": "./database/templates/tless/templates_pandaEight/tless_desc_dinov2l9/000029/uv_full_000004.png", "img_desc": "./database/templates/tless/templates_pandaEight/tless_desc_dinov2l9/000029/000004.npy", "uv_crop": "./database/templates/tless/templates_pandaEight/tless_desc_dinov2l9/000029/000004_uv.npy", "uv": "./database/templates/tless/templates_pandaEight/tless_desc_dinov2l9/000029/000004_uv_full.npy"}, {"img_id": "5", "img_name": "/data/weijian/Pose/BoP/templates_pandaEight/tless/000029/000005.png", "mask_name": "/data/weijian/Pose/BoP/templates_pandaEight/tless/000029/mask_000005.png", "obj_id": "29", "bbox_obj": [0, 0, 635, 496], "cam_R_m2c": [[0.447213595499958, -0.894427190999916, 0.0], [0.36514837167011077, 0.18257418583505539, -0.9128709291752769], [0.816496580927726, 0.408248290463863, 0.408248290463863]], "cam_t_m2c": [3.197442310920451e-15, -2.3092638912203257e-15, 199.87836301110733], "model_path": "/data/weijian/Pose/BoP/tless/models_cad/obj_000029.ply", "model_info": {"diameter": 134.227, "min_x": -56.5, "min_y": -39, "min_z": -28.4, "size_x": 113, "size_y": 78, "size_z": 56.8, "symmetries_discrete": [[-1, -4.63077e-14, 0, 0, 4.63077e-14, -1, 0, 0, 0, 0, 1, 0, 0, 0, 0, 1]]}, "cam_K": [[1075.65091572, 0.0, 360.0], [0.0, 1073.90347929, 270.0], [0.0, 0.0, 1.0]], "img_crop": "./database/templates/tless/templates_pandaEight/tless_desc_dinov2l9/000029/000005.jpg", "mask_crop": "./database/templates/tless/templates_pandaEight/tless_desc_dinov2l9/000029/mask_000005.png", "img_uv_crop": "./database/templates/tless/templates_pandaEight/tless_desc_dinov2l9/000029/uv_000005.png", "img_uv": "./database/templates/tless/templates_pandaEight/tless_desc_dinov2l9/000029/uv_full_000005.png", "img_desc": "./database/templates/tless/templates_pandaEight/tless_desc_dinov2l9/000029/000005.npy", "uv_crop": "./database/templates/tless/templates_pandaEight/tless_desc_dinov2l9/000029/000005_uv.npy", "uv": "./database/templates/tless/templates_pandaEight/tless_desc_dinov2l9/000029/000005_uv_full.npy"}], "11": [{"img_id": "0", "img_name": "/data/weijian/Pose/BoP/templates_pandaEight/tless/000011/000000.png", "mask_name": "/data/weijian/Pose/BoP/templates_pandaEight/tless/000011/mask_000000.png", "obj_id": "11", "bbox_obj": [191, 103, 343, 384], "cam_R_m2c": [[0.7071067811865476, 0.7071067811865476, 0.0], [-0.5773502691896258, 0.5773502691896258, -0.5773502691896258], [-0.408248290463863, 0.408248290463863, 0.816496580927726]], "cam_t_m2c": [4.0856207306205765e-15, -2.486899575160351e-15, 199.87836301110735], "model_path": "/data/weijian/Pose/BoP/tless/models_cad/obj_000011.ply", "model_info": {"diameter": 76.5978, "min_x": -33.1456, "min_y": -24.121, "min_z": -27.65, "size_x": 66.2912, "size_y": 48.242, "size_z": 55.3, "symmetries_discrete": [[-1, 4.05208e-09, 1.93842e-08, 2.01636e-05, -4.05207e-09, -1, 1.83953e-07, -0.000163209, 1.93842e-08, 1.83953e-07, 1, 2.10486e-08, 0, 0, 0, 1]]}, "cam_K": [[1075.65091572, 0.0, 360.0], [0.0, 1073.90347929, 270.0], [0.0, 0.0, 1.0]], "img_crop": "./database/templates/tless/templates_pandaEight/tless_desc_dinov2l9/000011/000000.jpg", "mask_crop": "./database/templates/tless/templates_pandaEight/tless_desc_dinov2l9/000011/mask_000000.png", "img_uv_crop": "./database/templates/tless/templates_pandaEight/tless_desc_dinov2l9/000011/uv_000000.png", "img_uv": "./database/templates/tless/templa