{"4": [{"img_id": "0", "img_name": "./data/bop/ycbv/templates_pandaEight/ycbv/000004/000000.png", "mask_name": "./data/bop/ycbv/templates_pandaEight/ycbv/000004/mask_000000.png", "obj_id": "4", "bbox_obj": [278, 180, 71, 123], "cam_R_m2c": [[0.7071067811865476, -0.7071067811865476, 0.0], [0.4082482904638631, 0.4082482904638631, -0.8164965809277261], [0.5773502691896258, 0.5773502691896258, 0.5773502691896258]], "cam_t_m2c": [-0.0, -0.0, 1039.2304845413264], "model_path": "./data/bop/ycbv/models/obj_000004.ply", "model_info": {"diameter": 120.543, "min_x": -33.927, "min_y": -33.875, "min_z": -51.0185, "size_x": 67.854, "size_y": 67.75, "size_z": 102.037}, "cam_K": [[1066.778, 0.0, 312.9869], [0.0, 1067.487, 241.3109], [0.0, 0.0, 1.0]], "img_crop": "./database/templates/ycbv/templates_pandaEight/ycbv_desc_dinov2l9/000004/000000.png", "mask_crop": "./database/templates/ycbv/templates_pandaEight/ycbv_desc_dinov2l9/000004/mask_000000.png", "img_uv_crop": "./database/templates/ycbv/templates_pandaEight/ycbv_desc_dinov2l9/000004/uv_000000.png", "img_uv": "./database/templates/ycbv/templates_pandaEight/ycbv_desc_dinov2l9/000004/uv_full_000000.png", "img_desc": "./database/templates/ycbv/templates_pandaEight/ycbv_desc_dinov2l9/000004/000000.npy", "uv_crop": "./database/templates/ycbv/templates_pandaEight/ycbv_desc_dinov2l9/000004/000000_uv.npy", "uv": "./database/templates/ycbv/templates_pandaEight/ycbv_desc_dinov2l9/000004/000000_uv_full.npy"}, {"img_id": "1", "img_name": "./data/bop/ycbv/templates_pandaEight/ycbv/000004/000001.png", "mask_name": "./data/bop/ycbv/templates_pandaEight/ycbv/000004/mask_000001.png", "obj_id": "4", "bbox_obj": [277, 180, 72, 123], "cam_R_m2c": [[0.7071067811865476, -0.7071067811865476, 0.0], [-0.4082482904638631, -0.4082482904638631, -0.8164965809277261], [0.5773502691896258, 0.5773502691896258, -0.5773502691896258]], "cam_t_m2c": [-0.0, -0.0, 1039.2304845413264], "model_path": "./data/bop/ycbv/models/obj_000004.ply", "model_info": {"diameter": 120.543, "min_x": -33.927, "min_y": -33.875, "min_z": -51.0185, "size_x": 67.854, "size_y": 67.75, "size_z": 102.037}, "cam_K": [[1066.778, 0.0, 312.9869], [0.0, 1067.487, 241.3109], [0.0, 0.0, 1.0]], "img_crop": "./database/templates/ycbv/templates_pandaEight/ycbv_desc_dinov2l9/000004/000001.png", "mask_crop": "./database/templates/ycbv/templates_pandaEight/ycbv_desc_dinov2l9/000004/mask_000001.png", "img_uv_crop": "./database/templates/ycbv/templates_pandaEight/ycbv_desc_dinov2l9/000004/uv_000001.png", "img_uv": "./database/templates/ycbv/templates_pandaEight/ycbv_desc_dinov2l9/000004/uv_full_000001.png", "img_desc": "./database/templates/ycbv/templates_pandaEight/ycbv_desc_dinov2l9/000004/000001.npy", "uv_crop": "./database/templates/ycbv/templates_pandaEight/ycbv_desc_dinov2l9/000004/000001_uv.npy", "uv": "./database/templates/ycbv/templates_pandaEight/ycbv_desc_dinov2l9/000004/000001_uv_full.npy"}, {"img_id": "2", "img_name": "./data/bop/ycbv/templates_pandaEight/ycbv/000004/000002.png", "mask_name": "./data/bop/ycbv/templates_pandaEight/ycbv/000004/mask_000002.png", "obj_id": "4", "bbox_obj": [279, 179, 70, 124], "cam_R_m2c": [[-0.7071067811865476, -0.7071067811865476, -0.0], [0.4082482904638631, -0.4082482904638631, -0.8164965809277261], [0.5773502691896258, -0.5773502691896258, 0.5773502691896258]], "cam_t_m2c": [-0.0, -0.0, 1039.2304845413264], "model_path": "./data/bop/ycbv/models/obj_000004.ply", "model_info": {"diameter": 120.543, "min_x": -33.927, "min_y": -33.875, "min_z": -51.0185, "size_x": 67.854, "size_y": 67.75, "size_z": 102.037}, "cam_K": [[1066.778, 0.0, 312.9869], [0.0, 1067.487, 241.3109], [0.0, 0.0, 1.0]], "img_crop": "./database/templates/ycbv/templates_pandaEight/ycbv_desc_dinov2l9/000004/000002.png", "mask_crop": "./database/templates/ycbv/templates_pandaEight/ycbv_desc_dinov2l9/000004/mask_000002.png", "img_uv_crop": "./database/templates/ycbv/templates_pandaEight/ycbv_desc_dinov2l9/000004/uv_000002.png", "img_uv": "./database/templates/ycbv/templates_pandaEight/ycbv_desc_dinov2l9/000004/uv_full_000002.png", "img_desc": "./database/templates/ycbv/templates_pandaEight/ycbv_desc_dinov2l9/000004/000002.npy", "uv_crop": "./database/templates/ycbv/templates_pandaEight/ycbv_desc_dinov2l9/000004/000002_uv.npy", "uv": "./database/templates/ycbv/templates_pandaEight/ycbv_desc_dinov2l9/000004/000002_uv_full.npy"}, {"img_id": "3", "img_name": "./data/bop/ycbv/templates_pandaEight/ycbv/000004/000003.png", "mask_name": "./data/bop/ycbv/templates_pandaEight/ycbv/000004/mask_000003.png", "obj_id": "4", "bbox_obj": [277, 180, 72, 123], "cam_R_m2c": [[-0.7071067811865476, -0.7071067811865476, -0.0], [-0.4082482904638631, 0.4082482904638631, -0.8164965809277261], [0.5773502691896258, -0.5773502691896258, -0.5773502691896258]], "cam_t_m2c": [-0.0, -0.0, 1039.2304845413264], "model_path": "./data/bop/ycbv/models/obj_000004.ply", "model_info": {"diameter": 120.543, "min_x": -33.927, "min_y": -33.875, "min_z": -51.0185, "size_x": 67.854, "size_y": 67.75, "size_z": 102.037}, "cam_K": [[1066.778, 0.0, 312.9869], [0.0, 1067.487, 241.3109], [0.0, 0.0, 1.0]], "img_crop": "./database/templates/ycbv/templates_pandaEight/ycbv_desc_dinov2l9/000004/000003.png", "mask_crop": "./database/templates/ycbv/templates_pandaEight/ycbv_desc_dinov2l9/000004/mask_000003.png", "img_uv_crop": "./database/templates/ycbv/templates_pandaEight/ycbv_desc_dinov2l9/000004/uv_000003.png", "img_uv": "./database/templates/ycbv/templates_pandaEight/ycbv_desc_dinov2l9/000004/uv_full_000003.png", "img_desc": "./database/templates/ycbv/templates_pandaEight/ycbv_desc_dinov2l9/000004/000003.npy", "uv_crop": "./database/templates/ycbv/templates_pandaEight/ycbv_desc_dinov2l9/000004/000003_uv.npy", "uv": "./database/templates/ycbv/templates_pandaEight/ycbv_desc_dinov2l9/000004/000003_uv_full.npy"}, {"img_id": "4", "img_name": "./data/bop/ycbv/templates_pandaEight/ycbv/000004/000004.png", "mask_name": "./data/bop/ycbv/templates_pandaEight/ycbv/000004/mask_000004.png", "obj_id": "4", "bbox_obj": [278, 180, 70, 123], "cam_R_m2c": [[0.7071067811865476, 0.7071067811865476, 0.0], [-0.4082482904638631, 0.4082482904638631, -0.8164965809277261], [-0.5773502691896258, 0.5773502691896258, 0.5773502691896258]], "cam_t_m2c": [-0.0, -0.0, 1039.2304845413264], "model_path": "./data/bop/ycbv/models/obj_000004.ply", "model_info": {"diameter": 120.543, "min_x": -33.927, "min_y": -33.875, "min_z": -51.0185, "size_x": 67.854, "size_y": 67.75, "size_z": 102.037}, "cam_K": [[1066.778, 0.0, 312.9869], [0.0, 1067.487, 241.3109], [0.0, 0.0, 1.0]], "img_crop": "./database/templates/ycbv/templates_pandaEight/ycbv_desc_dinov2l9/000004/000004.png", "mask_crop": "./database/templates/ycbv/templates_pandaEight/ycbv_desc_dinov2l9/000004/mask_000004.png", "img_uv_crop": "./database/templates/ycbv/templates_pandaEight/ycbv_desc_dinov2l9/000004/uv_000004.png", "img_uv": "./database/templates/ycbv/templates_pandaEight/ycbv_desc_dinov2l9/000004/uv_full_000004.png", "img_desc": "./database/templates/ycbv/templates_pandaEight/ycbv_desc_dinov2l9/000004/000004.npy", "uv_crop": "./database/templates/ycbv/templates_pandaEight/ycbv_desc_dinov2l9/000004/000004_uv.npy", "uv": "./database/templates/ycbv/templates_pandaEight/ycbv_desc_dinov2l9/000004/000004_uv_full.npy"}, {"img_id": "5", "img_name": "./data/bop/ycbv/templates_pandaEight/ycbv/000004/000005.png", "mask_name": "./data/bop/ycbv/templates_pandaEight/ycbv/000004/mask_000005.png", "obj_id": "4", "bbox_obj": [278, 179, 71, 124], "cam_R_m2c": [[0.7071067811865476, 0.7071067811865476, 0.0], [0.4082482904638631, -0.4082482904638631, -0.8164965809277261], [-0.5773502691896258, 0.5773502691896258, -0.5773502691896258]], "cam_t_m2c": [-0.0, -0.0, 1039.2304845413264], "model_path": "./data/bop/ycbv/models/obj_000004.ply", "model_info": {"diameter": 120.543, "min_x": -33.927, "min_y": -33.875, "min_z": -51.0185, "size_x": 67.854, "size_y": 67.75, "size_z": 102.037}, "cam_K": [[1066.778, 0.0, 312.9869], [0.0, 1067.487, 241.3109], [0.0, 0.0, 1.0]], "img_crop": "./database/templates/ycbv/templates_pandaEight/ycbv_desc_dinov2l9/000004/000005.png", "mask_crop": "./database/templates/ycbv/templates_pandaEight/ycbv_desc_dinov2l9/000004/mask_000005.png", "img_uv_crop": "./database/templates/ycbv/templates_pandaEight/ycbv_desc_dinov2l9/000004/uv_000005.png", "img_uv": "./database/templates/ycbv/templates_pandaEight/ycbv_desc_dinov2l9/000004/uv_full_000005.png", "img_desc": "./database/templates/ycbv/templates_pandaEight/ycbv_desc_dinov2l9/000004/000005.npy", "uv_crop": "./database/templates/ycbv/templates_pandaEight/ycbv_desc_dinov2l9/000004/000005_uv.npy", "uv": "./database/templates/ycbv/templates_pandaEight/ycbv_desc_dinov2l9/000004/000005_uv_full.npy"}, {"img_id": "6", "img_name": "./data/bop/ycbv/templates_pandaEight/ycbv/000004/000006.png", "mask_name": "./data/bop/ycbv/templates_pandaEight/ycbv/000004/mask_000006.png", "obj_id": "4", "bbox_obj": [278, 180, 70, 123], "cam_R_m2c": [[-0.7071067811865476, 0.7071067811865476, 0.0], [-0.4082482904638631, -0.4082482904638631, -0.8164965809277261], [-0.5773502691896258, -0.5773502691896258, 0.5773502691896258]], "cam_t_m2c": [-0.0, -0.0, 1039.2304845413264], "model_path": "./data/bop/ycbv/models/obj_000004.ply", "model_info": {"diameter": 120.543, "min_x": -33.927, "min_y": -33.875, "min_z": -51.0185, "size_x": 67.854, "size_y": 67.75, "size_z": 102.037}, "cam_K": [[1066.778, 0.0, 312.9869], [0.0, 1067.487, 241.3109], [0.0, 0.0, 1.0]], "img_crop": "./database/templates/ycbv/templates_pandaEight/ycbv_desc_dinov2l9/000004/000006.png", "mask_crop": "./database/templates/ycbv/templates_pandaEight/ycbv_desc_dinov2l9/000004/mask_000006.png", "img_uv_crop": "./database/templates/ycbv/templates_pandaEight/ycbv_desc_dinov2l9/000004/uv_000006.png", "img_uv": "./database/templates/ycbv/templates_pandaEight/ycbv_desc_dinov2l9/000004/uv_full_000006.png", "img_desc": "./database/templates/ycbv/templates_pandaEight/ycbv_desc_dinov2l9/000004/000006.npy", "uv_crop": "./database/templates/ycbv/templates_pandaEight/ycbv_desc_dinov2l9/000004/000006_uv.npy", "uv": "./database/templates/ycbv/templates_pandaEight/ycbv_desc_dinov2l9/000004/000006_uv_full.npy"}, {"img_id": "7", "img_name": "./data/bop/ycbv/templates_pandaEight/ycbv/000004/000007.png", "mask_name": "./data/bop/ycbv/templates_pandaEight/ycbv/000004/mask_000007.png", "obj_id": "4", "bbox_obj": [278, 179, 71, 124], "cam_R_m2c": [[-0.7071067811865476, 0.7071067811865476, 0.0], [0.4082482904638631, 0.4082482904638631, -0.8164965809277261], [-0.5773502691896258, -0.5773502691896258, -0.5773502691896258]], "cam_t_m2c": [-0.0, -0.0, 1039.2304845413264], "model_path": "./data/bop/ycbv/models/obj_000004.ply", "model_info": {"diameter": 120.543, "min_x": -33.927, "min_y": -33.875, "min_z": -51.0185, "size_x": 67.854, "size_y": 67.75, "size_z": 102.037}, "cam_K": [[1066.778, 0.0, 312.9869], [0.0, 1067.487, 241.3109], [0.0, 0.0, 1.0]], "img_crop": "./database/templates/ycbv/templates_pandaEight/ycbv_desc_dinov2l9/000004/000007.png", "mask_crop": "./database/templates/ycbv/templates_pandaEight/ycbv_desc_dinov2l9/000004/mask_000007.png", "img_uv_crop": "./database/templates/ycbv/templates_pandaEight/ycbv_desc_dinov2l9/000004/uv_000007.png", "img_uv": "./database/templates/ycbv/templates_pandaEight/ycbv_desc_dinov2l9/000004/uv_full_000007.png", "img_desc": "./database/templates/ycbv/templates_pandaEight/ycbv_desc_dinov2l9/000004/000007.npy", "uv_crop": "./database/templates/ycbv/templates_pandaEight/ycbv_desc_dinov2l9/000004/000007_uv.npy", "uv": "./database/templates/ycbv/templates_pandaEight/ycbv_desc_dinov2l9/000004/000007_uv_full.npy"}], "16": [{"img_id": "0", "img_name": "./data/bop/ycbv/templates_pandaEight/ycbv/000016/000000.png", "mask_name": "./data/bop/ycbv/templates_pandaEight/ycbv/000016/mask_000000.png", "obj_id": "16", "bbox_obj": [250, 123, 128, 241], "cam_R_m2c": [[0.7071067811865476, -0.7071067811865476, 0.0], [0.4082482904638631, 0.4082482904638631, -0.8164965809277261], [0.5773502691896258, 0.5773502691896258, 0.5773502691896258]], "cam_t_m2c": [-0.0, -0.0, 1039.2304845413264], "model_path": "./data/bop/ycbv/models/obj_000016.ply", "model_info": {"diameter": 237.299, "min_x": -51.9755, "min_y": -51.774, "min_z": -102.945, "size_x": 103.951, "size_y": 103.548, "size_z": 205.89, "symmetries_discrete": [[0.00179515, -0.999956, -0.00918835, -0.451143, 0.99999, 0.00175811, 0.00403816, -0.140551, -0.00402183, -0.00919551, 0.99995, -0.00311599, 0, 0, 0, 1], [-0.91235, 0.409408, 0.00174142, -0.447974, 0.409408, 0.912315, 0.00813459, 0.104494, 0.00174165, 0.00813454, -0.999965, -0.378074, 0, 0, 0, 1], [-0.999923, -0.000141842, -0.0124131, -0.676942, 0.000199091, -0.999989, -0.00461085, -0.897931, -0.0124123, -0.00461297, 0.999912, -0.0102148, 0, 0, 0, 1], [0.398672, 0.917025, 0.0111883, -0.0193414, 0.917024, -0.398762, 0.00739889, 0.0551928, 0.0112464, 0.00731019, -0.99991, -0.43156, 0, 0, 0, 1], [-0.41428, -0.910149, 0.00109705, -0.786049, -0.910149, 0.414278, -0.00180925, -0.502355, 0.0011922, -0.00174801, -0.999998, -0.474172, 0, 0, 0, 1], [0.00204922, 0.99999, -0.00387721, 0.151877, -0.999955, 0.00201313, -0.00929112, -0.438735, -0.00928322, 0.00389608, 0.999949, -0.0101433, 0, 0, 0, 1], [0.910561, -0.413226, 0.0110989, -0.215161, -0.413226, -0.910625, -0.00243254, -1.0105, 0.0111121, -0.00237138, -0.999935, -0.469675, 0, 0, 0, 1]]}, "cam_K": [[1066.778, 0.0, 312.9869], [0.0, 1067.487, 241.3109], [0.0, 0.0, 1.0]], "img_crop": "./database/templates/ycbv/templates_pandaEight/ycbv_desc_dinov2l9/000016/000000.png", "mask_crop": "./database/templates/ycbv/templates_pandaEight/ycbv_desc_dinov2l9/000016/mask_000000.png", "img_uv_crop": "./database/templates/ycbv/templates_pandaEight/ycbv_desc_dinov2l9/000016/uv_000000.png", "img_uv": "./database/templates/ycbv/templates_pandaEight/ycbv_desc_dinov2l9/000016/uv_full_000000.png", "img_desc": "./database/templates/ycbv/templates_pandaEight/ycbv_desc_dinov2l9/000016/000000.npy", "uv_crop": "./database/templates/ycbv/templates_pandaEight/ycbv_desc_dinov2l9/000016/000000_uv.npy", "uv": "./database/templates/ycbv/templates_pandaEight/ycbv_desc_dinov2l9/000016/000000_uv_full.npy"}, {"img_id": "1", "img_name": "./data/bop/ycbv/templates_pandaEight/ycbv/000016/000001.png", "mask_name": "./data/bop/ycbv/templates_pandaEight/ycbv/000016/mask_000001.png", "obj_id": "16", "bbox_obj": [249, 120, 128, 241], "cam_R_m2c": [[0.7071067811865476, -0.7071067811865476, 0.0], [-0.4082482904638631, -0.4082482904638631, -0.8164965809277261], [0.5773502691896258, 0.5773502691896258, -0.5773502691896258]], "cam_t_m2c": [-0.0, -0.0, 1039.2304845413264], "model_path": "./data/bop/ycbv/models/obj_000016.ply", "model_info": {"diameter": 237.299, "min_x": -51.9755, "min_y": -51.774, "min_z": -102.945, "size_x": 103.951, "size_y": 103.548, "size_z": 205.89, "symmetries_discrete": [[0.00179515, -0.999956, -0.00918835, -0.451143, 0.99999, 0.00175811, 0.00403816, -0.140551, -0.00402183, -0.00919551, 0.99995, -0.00311599, 0, 0, 0, 1], [-0.91235, 0.409408, 0.00174142, -0.447974, 0.409408, 0.912315, 0.00813459, 0.104494, 0.00174165, 0.00813454, -0.999965, -0.378074, 0, 0, 0, 1], [-0.999923, -0.000141842, -0.0124131, -0.676942, 0.000199091, -0.999989, -0.00461085, -0.897931, -0.0124123, -0.00461297, 0.999912, -0.0102148, 0, 0, 0, 1], [0.398672, 0.917025, 0.0111883, -0.0193414, 0.917024, -0.398762, 0.00739889, 0.0551928, 0.0112464, 0.00731019, -0.99991, -0.43156, 0, 0, 0, 1], [-0.41428, -0.910149, 0.00109705, -0.786049, -0.910149, 0.414278, -0.00180925, -0.502355, 0.0011922, -0.00174801, -0.999998, -0.474172, 0, 0, 0, 1], [0.00204922, 0.99999, -0.00387721, 0.151877, -0.999955, 0.00201313, -0.00929112, -0.438735, -0.00928322, 0.00389608, 0.999949, -0.0101433, 0, 0, 0, 1], [0.910561, -0.413226, 0.0110989, -0.215161, -0.413226, -0.910625, -0.00243254, -1.0105, 0.0111121, -0.00237138, -0.999935, -0.469675, 0, 0, 0, 1]]}, "cam_K": [[1066.778, 0.0, 312.9869], [0.0, 1067.487, 241.3109], [0.0, 0.0, 1.0]], "img_crop": "./database/templates/ycbv/templates_pandaEight/ycbv_desc_dinov2l9/000016/000001.png", "mask_crop": "./database/templates/ycbv/templates_pandaEight/ycbv_desc_dinov2l9/000016/mask_000001.png", "img_uv_crop": "./database/templates/ycbv/templates_pandaEight/ycbv_desc_dinov2l9/000016/uv_000001.png", "img_uv": "./database/templates/ycbv/templates_pandaEight/ycbv_desc_dinov2l9/000016/uv_full_000001.png", "img_desc": "./database/templates/ycbv/templates_pandaEight/ycbv_desc_dinov2l9/000016/000001.npy", "uv_crop": "./database/templates/ycbv/templates_pandaEight/ycbv_desc_dinov2l9/000016/000001_uv.npy", "uv": "./database/templates/ycbv/templates_pandaEight/ycbv_desc_dinov2l9/000016/000001_uv_full.npy"}, {"img_id": "2", "img_name": "./data/bop/ycbv/templates_pandaEight/ycbv/000016/000002.png", "mask_name": "./data/bop/ycbv/templates_pandaEight/ycbv/000016/mask_000002.png", "obj_id": "16", "bbox_obj": [250, 123, 127, 241], "cam_R_m2c": [[-0.7071067811865476, -0.7071067811865476, -0.0], [0.4082482904638631, -0.4082482904638631, -0.8164965809277261], [0.5773502691896258, -0.5773502691896258, 0.5773502691896258]], "cam_t_m2c": [-0.0, -0.0, 1039.2304845413264], "model_path": "./data/bop/ycbv/models/obj_000016.ply", "model_info": {"diameter": 237.299, "min_x": -51.9755, "min_y": -51.774, "min_z": -102.945, "size_x": 103.951, "size_y": 103.548, "size_z": 205.89, "symmetries_discrete": [[0.00179515, -0.999956, -0.00918835, -0.451143, 0.99999, 0.00175811, 0.00403816, -0.140551, -0.00402183, -0.00919551, 0.99995, -0.00311599, 0, 0, 0, 1], [-0.91235, 0.409408, 0.00174142, -0.447974, 0.409408, 0.912315, 0.00813459, 0.104494, 0.00174165, 0.00813454, -0.999965, -0.378074, 0, 0, 0, 1], [-0.999923, -0.000141842, -0.0124131, -0.676942, 0.000199091, -0.999989, -0.00461085, -0.897931, -0.0124123, -0.00461297, 0.999912, -0.0102148, 0, 0, 0, 1], [0.398672, 0.917025, 0.0111883, -0.0193414, 0.917024, -0.398762, 0.00739889, 0.0551928, 0.0112464, 0.00731019, -0.99991, -0.43156, 0, 0, 0, 1], [-0.41428, -0.910149, 0.00109705, -0.786049, -0.910149, 0.414278, -0.00180925, -0.502355, 0.0011922, -0.00174801, -0.999998, -0.474172, 0, 0, 0, 1], [0.00204922, 0.99999, -0.00387721, 0.151877, -0.999955, 0.00201313, -0.00929112, -0.438735, -0.00928322, 0.00389608, 0.999949, -0.0101433, 0, 0, 0, 1], [0.910561, -0.413226, 0.0110989, -0.215161, -0.413226, -0.910625, -0.00243254, -1.0105, 0.0111121, -0.00237138, -0.999935, -0.469675, 0, 0, 0, 1]]}, "cam_K": [[1066.778, 0.0, 312.9869], [0.0, 1067.487, 241.3109], [0.0, 0.0, 1.0]], "img_crop": "./database/templates/ycbv/templates_pandaEight/ycbv_desc_dinov2l9/000016/000002.png", "mask_crop": "./database/templates/ycbv/templates_pandaEight/ycbv_desc_dinov2l9/000016/mask_000002.png", "img_uv_crop": "./database/templates/ycbv/templates_pandaEight/ycbv_desc_dinov2l9/000016/uv_000002.png", "img_uv": "./database/templates/ycbv/templates_pandaEight/ycbv_desc_dinov2l9/000016/uv_full_000002.png", "img_desc": "./database/templates/ycbv/templates_pandaEight/ycbv_desc_dinov2l9/000016/000002.npy", "uv_crop": "./database/templates/ycbv/templates_pandaEight/ycbv_desc_dinov2l9/000016/000002_uv.npy", "uv": "./database/templates/ycbv/templates_pandaEight/ycbv_desc_dinov2l9/000016/000002_uv_full.npy"}, {"img_id": "3", "img_name": "./data/bop/ycbv/templates_pandaEight/ycbv/000016/000003.png", "mask_name": "./data/bop/ycbv/templates_pandaEight/ycbv/000016/mask_000003.png", "obj_id": "16", "bbox_obj": [251, 120, 127, 241], "cam_R_m2c": [[-0.7071067811865476, -0.7071067811865476, -0.0], [-0.4082482904638631, 0.4082482904638631, -0.8164965809277261], [0.5773502691896258, -0.5773502691896258, -0.5773502691896258]], "cam_t_m2c": [-0.0, -0.0, 1039.2304845413264], "model_path": "./data/bop/ycbv/models/obj_000016.ply", "model_info": {"diameter": 237.299, "min_x": -51.9755, "min_y": -51.774, "min_z": -102.945, "size_x": 103.951, "size_y": 103.548, "size_z": 205.89, "symmetries_discrete": [[0.00179515, -0.999956, -0.00918835, -0.451143, 0.99999, 0.00175811, 0.00403816, -0.140551, -0.00402183, -0.00919551, 0.99995, -0.00311599, 0, 0, 0, 1], [-0.91235, 0.409408, 0.00174142, -0.447974, 0.409408, 0.912315, 0.00813459, 0.104494, 0.00174165, 0.00813454, -0.999965, -0.378074, 0, 0, 0, 1], [-0.999923, -0.000141842, -0.0124131, -0.676942, 0.000199091, -0.999989, -0.00461085, -0.897931, -0.0124123, -0.00461297, 0.999912, -0.0102148, 0, 0, 0, 1], [0.398672, 0.917025, 0.0111883, -0.0193414, 0.917024, -0.398762, 0.00739889, 0.0551928, 0.0112464, 0.00731019, -0.99991, -0.43156, 0, 0, 0, 1], [-0.41428, -0.910149, 0.00109705, -0.786049, -0.910149, 0.414278, -0.00180925, -0.502355, 0.0011922, -0.00174801, -0.999998, -0.474172, 0, 0, 0, 1], [0.00204922, 0.99999, -0.00387721, 0.151877, -0.999955, 0.00201313, -0.00929112, -0.438735, -0.00928322, 0.00389608, 0.999949, -0.0101433, 0, 0, 0, 1], [0.910561, -0.413226, 0.0110989, -0.215161, -0.413226, -0.910625, -0.00243254, -1.0105, 0.0111121, -0.00237138, -0.999935, -0.469675, 0, 0, 0, 1]]}, "cam_K": [[1066.778, 0.0, 312.9869], [0.0, 1067.487, 241.3109], [0.0, 0.0, 1.0]], "img_crop": "./database/templates/ycbv/templates_pandaEight/ycbv_desc_dinov2l9/000016/000003.png", "mask_crop": "./database/templates/ycbv/templates_pandaEight/ycbv_desc_dinov2l9/000016/mask_000003.png", "img_uv_crop": "./database/templates/ycbv/templates_pandaEight/ycbv_desc_dinov2l9/000016/uv_000003.png", "img_uv": "./database/templates/ycbv/templates_pandaEight/ycbv_desc_dinov2l9/000016/uv_full_000003.png", "img_desc": "./database/templates/ycbv/templates_pandaEight/ycbv_desc_dinov2l9/000016/000003.npy", "uv_crop": "./database/templates/ycbv/templates_pandaEight/ycbv_desc_dinov2l9/000016/000003_uv.npy", "uv": "./database/templates/ycbv/templates_pandaEight/ycbv_desc_dinov2l9/000016/000003_uv_full.npy"}, {"img_id": "4", "img_name": "./data/bop/ycbv/templates_pandaEight/ycbv/000016/000004.png", "mask_name": "./data/bop/ycbv/templates_pandaEight/ycbv/000016/mask_000004.png", "obj_id": "16", "bbox_obj": [250, 123, 128, 241], "cam_R_m2c": [[0.7071067811865476, 0.7071067811865476, 0.0], [-0.4082482904638631, 0.4082482904638631, -0.8164965809277261], [-0.5773502691896258, 0.5773502691896258, 0.5773502691896258]], "cam_t_m2c": [-0.0, -0.0, 1039.2304845413264], "model_path": "./data/bop/ycbv/models/obj_000016.ply", "model_info": {"diameter": 237.299, "min_x": -51.9755, "min_y": -51.774, "min_z": -102.945, "size_x": 103.951, "size_y": 103.548, "size_z": 205.89, "symmetries_discrete": [[0.00179515, -0.999956, -0.00918835, -0.451143, 0.99999, 0.00175811, 0.00403816, -0.140551, -0.00402183, -0.00919551, 0.99995, -0.00311599, 0, 0, 0, 1], [-0.91235, 0.409408, 0.00174142, -0.447974, 0.409408, 0.912315, 0.00813459, 0.104494, 0.00174165, 0.00813454, -0.999965, -0.378074, 0, 0, 0, 1], [-0.999923, -0.000141842, -0.0124131, -0.676942, 0.000199091, -0.999989, -0.00461085, -0.897931, -0.0124123, -0.00461297, 0.999912, -0.0102148, 0, 0, 0, 1], [0.398672, 0.917025, 0.0111883, -0.0193414, 0.917024, -0.398762, 0.00739889, 0.0551928, 0.0112464, 0.00731019, -0.99991, -0.43156, 0, 0, 0, 1], [-0.41428, -0.910149, 0.00109705, -0.786049, -0.910149, 0.414278, -0.00180925, -0.502355, 0.0011922, -0.00174801, -0.999998, -0.474172, 0, 0, 0, 1], [0.00204922, 0.99999, -0.00387721, 0.151877, -0.999955, 0.00201313, -0.00929112, -0.438735, -0.00928322, 0.00389608, 0.999949, -0.0101433, 0, 0, 0, 1], [0.910561, -0.413226, 0.0110989, -0.215161, -0.413226, -0.910625, -0.00243254, -1.0105, 0.0111121, -0.00237138, -0.999935, -0.469675, 0, 0, 0, 1]]}, "cam_K": [[1066.778, 0.0, 312.9869], [0.0, 1067.487, 241.3109], [0.0, 0.0, 1.0]], "img_crop": "./database/templates/ycbv/templates_pandaEight/ycbv_desc_dinov2l9/000016/000004.png", "mask_crop": "./database/templates/ycbv/templates_pandaEight/ycbv_desc_dinov2l9/000016/mask_000004.png", "img_uv_crop": "./database/templates/ycbv/templates_pandaEight/ycbv_desc_dinov2l9/000016/uv_000004.png", "img_uv": "./database/templates/ycbv/templates_pandaEight/ycbv_desc_dinov2l9/000016/uv_full_000004.png", "img_desc": "./database/templates/ycbv/templates_pandaEight/ycbv_desc_dinov2l9/000016/000004.npy", "uv_crop": "./database/templates/ycbv/templates_pandaEight/ycbv_desc_dinov2l9/000016/000004_uv.npy", "uv": "./database/templates/ycbv/templates_pandaEight/ycbv_desc_dinov2l9/000016/000004_uv_full.npy"}, {"img_id": "5", "img_name": "./data/bop/ycbv/templates_pandaEight/ycbv/000016/000005.png", "mask_name": "./data/bop/ycbv/templates_pandaEight/ycbv/000016/mask_000005.png", "obj_id": "16", "bbox_obj": [249, 120, 128, 242], "cam_R_m2c": [[0.7071067811865476, 0.7071067811865476, 0.0], [0.4082482904638631, -0.4082482904638631, -0.8164965809277261], [-0.5773502691896258, 0.5773502691896258, -0.5773502691896258]], "cam_t_m2c": [-0.0, -0.0, 1039.2304845413264], "model_path": "./data/bop/ycbv/models/obj_000016.ply", "model_info": {"diameter": 237.299, "min_x": -51.9755, "min_y": -51.774, "min_z": -102.945, "size_x": 103.951, "size_y": 103.548, "size_z": 205.89, "symmetries_discrete": [[0.00179515, -0.999956, -0.00918835, -0.451143, 0.99999, 0.00175811, 0.00403816, -0.140551, -0.00402183, -0.00919551, 0.99995, -0.00311599, 0, 0, 0, 1], [-0.91235, 0.409408, 0.00174142, -0.447974, 0.409408, 0.912315, 0.00813459, 0.104494, 0.00174165, 0.00813454, -0.999965, -0.378074, 0, 0, 0, 1], [-0.999923, -0.000141842, -0.0124131, -0.676942, 0.000199091, -0.999989, -0.00461085, -0.897931, -0.0124123, -0.00461297, 0.999912, -0.0102148, 0, 0, 0, 1], [0.398672, 0.917025, 0.0111883, -0.0193414, 0.917024, -0.398762, 0.00739889, 0.0551928, 0.0112464, 0.00731019, -0.99991, -0.43156, 0, 0, 0, 1], [-0.41428, -0.910149, 0.00109705, -0.786049, -0.910149, 0.414278, -0.00180925, -0.502355, 0.0011922, -0.00174801, -0.999998, -0.474172, 0, 0, 0, 1], [0.00204922, 0.99999, -0.00387721, 0.151877, -0.999955, 0.00201313, -0.00929112, -0.438735, -0.00928322, 0.00389608, 0.999949, -0.0101433, 0, 0, 0, 1], [0.910561, -0.413226, 0.0110989, -0.215161, -0.413226, -0.910625, -0.00243254, -1.0105, 0.0111121, -0.00237138, -0.999935, -0.469675, 0, 0, 0, 1]]}, "cam_K": [[1066.778, 0.0, 312.9869], [0.0, 1067.487, 241.3109], [0.0, 0.0, 1.0]], "img_crop": "./database/templates/ycbv/templates_pandaEight/ycbv_desc_dinov2l9/000016/000005.png", "mask_crop": "./database/templates/ycbv/templates_pandaEight/ycbv_desc_dinov2l9/000016/mask_000005.png", "img_uv_crop": "./database/templates/ycbv/templates_pandaEight/ycbv_desc_dinov2l9/000016/uv_000005.png", "img_uv": "./database/templates/ycbv/templates_pandaEight/ycbv_desc_dinov2l9/000016/uv_full_000005.png", "img_desc": "./database/templates/ycbv/templates_pandaEight/ycbv_desc_dinov2l9/000016/000005.npy", "uv_crop": "./database/templates/ycbv/templates_pandaEight/ycbv_desc_dinov2l9/000016/000005_uv.npy", "uv": "./database/templates/ycbv/templates_pandaEight/ycbv_desc_dinov2l9/000016/000005_uv_full.npy"}, {"img_id": "6", "img_name": "./data/bop/ycbv/templates_pandaEight/ycbv/000016/000006.png", "mask_name": "./data/bop/ycbv/templates_pandaEight/ycbv/000016/mask_000006.png", "obj_id": "16", "bbox_obj": [249, 123, 129, 241], "cam_R_m2c": [[-0.7071067811865476, 0.7071067811865476, 0.0], [-0.4082482904638631, -0.4082482904638631, -0.8164965809277261], [-0.5773502691896258, -0.5773502691896258, 0.5773502691896258]], "cam_t_m2c": [-0.0, -0.0, 1039.2304845413264], "model_path": "./data/bop/ycbv/models/obj_000016.ply", "model_info": {"diameter": 237.299, "min_x": -51.9755, "min_y": -51.774, "min_z": -102.945, "size_x": 103.951, "size_y": 103.548, "size_z": 205.89, "symmetries_discrete": [[0.00179515, -0.999956, -0.00918835, -0.451143, 0.99999, 0.00175811, 0.00403816, -0.140551, -0.00402183, -0.00919551, 0.99995, -0.00311599, 0, 0, 0, 1], [-0.91235, 0.409408, 0.00174142, -0.447974, 0.409408, 0.912315, 0.00813459, 0.104494, 0.00174165, 0.00813454, -0.999965, -0.378074, 0, 0, 0, 1], [-0.999923, -0.000141842, -0.0124131, -0.676942, 0.000199091, -0.999989, -0.00461085, -0.897931, -0.0124123, -0.00461297, 0.999912, -0.0102148, 0, 0, 0, 1], [0.398672, 0.917025, 0.0111883, -0.0193414, 0.917024, -0.398762, 0.00739889, 0.0551928, 0.0112464, 0.00731019, -0.99991, -0.43156, 0, 0, 0, 1], [-0.41428, -0.910149, 0.00109705, -0.786049, -0.910149, 0.414278, -0.00180925, -0.502355, 0.0011922, -0.00174801, -0.999998, -0.474172, 0, 0, 0, 1], [0.00204922, 0.99999, -0.00387721, 0.151877, -0.999955, 0.00201313, -0.00929112, -0.438735, -0.00928322, 0.00389608, 0.999949, -0.0101433, 0, 0, 0, 1], [0.910561, -0.413226, 0.0110989, -0.215161, -0.413226, -0.910625, -0.00243254, -1.0105, 0.0111121, -0.00237138, -0.999935, -0.469675, 0, 0, 0, 1]]}, "cam_K": [[1066.778, 0.0, 312.9869], [0.0, 1067.487, 241.3109], [0.0, 0.0, 1.0]], "img_crop": "./database/templates/ycbv/templates_pandaEight/ycbv_desc_dinov2l9/000016/000006.png", "mask_crop": "./database/templates/ycbv/templates_pandaEight/ycbv_desc_dinov2l9/000016/mask_000006.png", "img_uv_crop": "./database/templates/ycbv/templates_pandaEight/ycbv_desc_dinov2l9/000016/uv_000006.png", "img_uv": "./database/templates/ycbv/templates_pandaEight/ycbv_desc_dinov2l9/000016/uv_full_000006.png", "img_desc": "./database/templates/ycbv/templates_pandaEight/ycbv_desc_dinov2l9/000016/000006.npy", "uv_crop": "./database/templates/ycbv/templates_pandaEight/ycbv_desc_dinov2l9/000016/000006_uv.npy", "uv": "./database/templates/ycbv/templates_pandaEight/ycbv_desc_dinov2l9/000016/000006_uv_full.npy"}, {"img_id": "7", "img_name": "./data/bop/ycbv/templates_pandaEight/ycbv/000016/000007.png", "mask_name": "./data/bop/ycbv/templates_pandaEight/ycbv/000016/mask_000007.png", "obj_id": "16", "bbox_obj": [250, 120, 128, 241], "cam_R_m2c": [[-0.7071067811865476, 0.7071067811865476, 0.0], [0.4082482904638631, 0.4082482904638631, -0.8164965809277261], [-0.5773502691896258, -0.5773502691896258, -0.5773502691896258]], "cam_t_m2c": [-0.0, -0.0, 1039.2304845413264], "model_path": "./data/bop/ycbv/models/obj_000016.ply", "model_info": {"diameter": 237.299, "min_x": -51.9755, "min_y": -51.774, "min_z": -102.945, "size_x": 103.951, "size_y": 103.548, "size_z": 205.89, "symmetries_discrete": [[0.00179515, -0.999956, -0.00918835, -0.451143, 0.99999, 0.00175811, 0.00403816, -0.140551, -0.00402183, -0.00919551, 0.99995, -0.00311599, 0, 0, 0, 1], [-0.91235, 0.409408, 0.00174142, -0.447974, 0.409408, 0.912315, 0.00813459, 0.104494, 0.00174165, 0.00813454, -0.999965, -0.378074, 0, 0, 0, 1], [-0.999923, -0.000141842, -0.0124131, -0.676942, 0.000199091, -0.999989, -0.00461085, -0.897931, -0.0124123, -0.00461297, 0.999912, -0.0102148, 0, 0, 0, 1], [0.398672, 0.917025, 0.0111883, -0.0193414, 0.917024, -0.398762, 0.00739889, 0.0551928, 0.0112464, 0.00731019, -0.99991, -0.43156, 0, 0, 0, 1], [-0.41428, -0.910149, 0.00109705, -0.786049, -0.910149, 0.414278, -0.00180925, -0.502355, 0.0011922, -0.00174801, -0.999998, -0.474172, 0, 0, 0, 1], [0.00204922, 0.99999, -0.00387721, 0.151877, -0.999955, 0.00201313, -0.00929112, -0.438735, -0.00928322, 0.00389608, 0.999949, -0.0101433, 0, 0, 0, 1], [0.910561, -0.413226, 0.0110989, -0.215161, -0.413226, -0.910625, -0.00243254, -1.0105, 0.0111121, -0.00237138, -0.999935, -0.469675, 0, 0, 0, 1]]}, "cam_K": [[1066.778, 0.0, 312.9869], [0.0, 1067.487, 241.3109], [0.0, 0.0, 1.0]], "img_crop": "./database/templates/ycbv/templates_pandaEight/ycbv_desc_dinov2l9/000016/000007.png", "mask_crop": "./database/templates/ycbv/templates_pandaEight/ycbv_desc_dinov2l9/000016/mask_000007.png", "img_uv_crop": "./database/templates/ycbv/templates_pandaEight/ycbv_desc_dinov2l9/000016/uv_000007.png", "img_uv": "./database/templates/ycbv/templates_pandaEight/ycbv_desc_dinov2l9/000016/uv_full_000007.png", "img_desc": "./database/templates/ycbv/templates_pandaEight/ycbv_desc_dinov2l9/000016/000007.npy", "uv_crop": "./database/templates/ycbv/templates_pandaEight/ycbv_desc_dinov2l9/000016/000007_uv.npy", "uv": "./database/templates/ycbv/templates_pandaEight/ycbv_desc_dinov2l9/000016/000007_uv_full.npy"}], "15": [{"img_id": "0", "img_name": "./data/bop/ycbv/templates_pandaEight/ycbv/000015/000000.png", "mask_name": "./data/bop/ycbv/templates_pandaEight/ycbv/000015/mask_000000.png", "obj_id": "15", "bbox_obj": [191, 166, 234, 157], "cam_R_m2c": [[0.7071067811865476, -0.7071067811865476, 0.0], [0.4082482904638631, 0.4082482904638631, -0.8164965809277261], [0.5773502691896258, 0.5773502691896258, 0.5773502691896258]], "cam_t_m2c": [-0.0, -0.0, 1039.2304845413264], "model_path": "./data/bop/ycbv/models/obj_000015.ply", "model_info": {"diameter": 226.17, "min_x": -92.1205, "min_y": -93.717, "min_z": -28.6585, "size_x": 184.241, "size_y": 187.434, "size_z": 57.317}, "cam_K": [[1066.778, 0.0, 312.9869], [0.0, 1067.487, 241.3109], [0.0, 0.0, 1.0]], "img_crop": "./database/templates/ycbv/templates_pandaEight/ycbv_desc_dinov2l9/000015/000000.png", "mask_crop": "./database/templates/ycbv/templates_pandaEight/ycbv_desc_dinov2l9/000015/mask_000000.png", "img_uv_crop": "./database/templates/ycbv/templates_pandaEight/ycbv_desc_dinov2l9/000015/uv_000000.png", "img_uv": "./database/templates/ycbv/templates_pandaEight/ycbv_desc_dinov2l9/000015/uv_full_000000.png", "img_desc": "./database/templates/ycbv/templates_pandaEight/ycbv_desc_dinov2l9/000015/000000.npy", "uv_crop": "./database/templates/ycbv/templates_pandaEight/ycbv_desc_dinov2l9/000015/000000_uv.npy", "uv": "./database/templates/ycbv/templates_pandaEight/ycbv_desc_dinov2l9/000015/000000_uv_full.npy"}, {"img_id": "1", "img_name": "./data/bop/ycbv/templates_pandaEight/ycbv/000015/000001.png", "mask_name": "./data/bop/ycbv/templates_pandaEight/ycbv/000015/mask_000001.png", "obj_id": "15", "bbox_obj": [191, 169, 234, 146], "cam_R_m2c": [[0.7071067811865476, -0.7071067811865476, 0.0], [-0.4082482904638631, -0.4082482904638631, -0.8164965809277261], [0.5773502691896258, 0.5773502691896258, -0.5773502691896258]], "cam_t_m2c": [-0.0, -0.0, 1039.2304845413264], "model_path": "./data/bop/ycbv/models/obj_000015.ply", "model_info": {"diameter": 226.17, "min_x": -92.1205, "min_y": -93.717, "min_z": -28.6585, "size_x": 184.241, "size_y": 187.434, "size_z": 57.317}, "cam_K": [[1066.778, 0.0, 312.9869], [0.0, 1067.487, 241.3109], [0.0, 0.0, 1.0]], "img_crop": "./database/templates/ycbv/templates_pandaEight/ycbv_desc_dinov2l9/000015/000001.png", "mask_crop": "./database/templates/ycbv/templates_pandaEight/ycbv_desc_dinov2l9/000015/mask_000001.png", "img_uv_crop": "./database/templates/ycbv/templates_pandaEight/ycbv_desc_dinov2l9/000015/uv_000001.png", "img_uv": "./database/templates/ycbv/templates_pandaEight/ycbv_desc_dinov2l9/000015/uv_full_000001.png", "img_desc": "./database/templates/ycbv/templates_pandaEight/ycbv_desc_dinov2l9/000015/000001.npy", "uv_crop": "./database/templates/ycbv/templates_pandaEight/ycbv_desc_dinov2l9/000015/000001_uv.npy", "uv": "./database/templates/ycbv/templates_pandaEight/ycbv_desc_dinov2l9/000015/000001_uv_full.npy"}, {"img_id": "2", "img_name": "./data/bop/ycbv/templates_pandaEight/ycbv/000015/000002.png", "mask_name": "./data/bop/ycbv/templates_pandaEight/ycbv/000015/mask_000002.png", "obj_id": "15", "bbox_obj": [188, 157, 215, 162], "cam_R_m2c": [[-0.7071067811865476, -0.7071067811865476, -0.0], [0.4082482904638631, -0.4082482904638631, -0.8164965809277261], [0.5773502691896258, -0.5773502691896258, 0.5773502691896258]], "cam_t_m2c": [-0.0, -0.0, 1039.2304845413264], "model_path": "./data/bop/ycbv/models/obj_000015.ply", "model_info": {"diameter": 226.17, "min_x": -92.1205, "min_y": -93.717, "min_z": -28.6585, "size_x": 184.241, "size_y": 187.434, "size_z": 57.317}, "cam_K": [[1066.778, 0.0, 312.9869], [0.0, 1067.487, 241.3109], [0.0, 0.0, 1.0]], "img_crop": "./database/templates/ycbv/templates_pandaEight/ycbv_desc_dinov2l9/000015/000002.png", "mask_crop": "./database/templates/ycbv/templates_pandaEight/ycbv_desc_dinov2l9/000015/mask_000002.png", "img_uv_crop": "./database/templates/ycbv/templates_pandaEight/ycbv_desc_dinov2l9/000015/uv_000002.png", "img_uv": "./database/templates/ycbv/templates_pandaEight/ycbv_desc_dinov2l9/000015/uv_full_000002.png", "img_desc": "./database/templates/ycbv/templates_pandaEight/ycbv_desc_dinov2l9/000015/000002.npy", "uv_crop": "./database/templates/ycbv/templates_pandaEight/ycbv_desc_dinov2l9/000015/000002_uv.npy", "uv": "./database/templates/ycbv/templates_pandaEight/ycbv_desc_dinov2l9/000015/000002_uv_full.npy"}, {"img_id": "3", "img_name": "./data/bop/ycbv/templates_pandaEight/ycbv/000015/000003.png", "mask_name": "./data/bop/ycbv/templates_pandaEight/ycbv/000015/mask_000003.png", "obj_id": "15", "bbox_obj": [189, 165, 214, 162], "cam_R_m2c": [[-0.7071067811865476, -0.7071067811865476, -0.0], [-0.4082482904638631, 0.4082482904638631, -0.8164965809277261], [0.5773502691896258, -0.5773502691896258, -0.5773502691896258]], "cam_t_m2c": [-0.0, -0.0, 1039.2304845413264], "model_path": "./data/bop/ycbv/models/obj_000015.ply", "model_info": {"diameter": 226.17, "min_x": -92.1205, "min_y": -93.717, "min_z": -28.6585, "size_x": 184.241, "size_y": 187.434, "size_z": 57.317}, "cam_K": [[1066.778, 0.0, 312.9869], [0.0, 1067.487, 241.3109], [0.0, 0.0, 1.0]], "img_crop": "./database/templates/ycbv/templates_pandaEight/ycbv_desc_dinov2l9/000015/000003.png", "mask_crop": "./database/templates/ycbv/templates_pandaEight/ycbv_desc_dinov2l9/000015/mask_000003.png", "img_uv_crop": "./database/templates/ycbv/templates_pandaEight/ycbv_desc_dinov2l9/000015/uv_000003.png", "img_uv": "./database/templates/ycbv/templates_pandaEight/ycbv_desc_dinov2l9/000015/uv_full_000003.png", "img_desc": "./database/templates/ycbv/templates_pandaEight/ycbv_desc_dinov2l9/000015/000003.npy", "uv_crop": "./database/templates/ycbv/templates_pandaEight/ycbv_desc_dinov2l9/000015/000003_uv.npy", "uv": "./database/templates/ycbv/templates_pandaEight/ycbv_desc_dinov2l9/000015/000003_uv_full.npy"}, {"img_id": "4", "img_name": "./data/bop/ycbv/templates_pandaEight/ycbv/000015/000004.png", "mask_name": "./data/bop/ycbv/templates_pandaEight/ycbv/000015/mask_000004.png", "obj_id": "15", "bbox_obj": [217, 154, 222, 161], "cam_R_m2c": [[0.7071067811865476, 0.7071067811865476, 0.0], [-0.4082482904638631, 0.4082482904638631, -0.8164965809277261], [-0.5773502691896258, 0.5773502691896258, 0.5773502691896258]], "cam_t_m2c": [-0.0, -0.0, 1039.2304845413264], "model_path": "./data/bop/ycbv/models/obj_000015.ply", "model_info": {"diameter": 226.17, "min_x": -92.1205, "min_y": -93.717, "min_z": -28.6585, "size_x": 184.241, "size_y": 187.434, "size_z": 57.317}, "cam_K": [[1066.778, 0.0, 312.9869], [0.0, 1067.487, 241.3109], [0.0, 0.0, 1.0]], "img_crop": "./database/templates/ycbv/templates_pandaEight/ycbv_desc_dinov2l9/000015/000004.png", "mask_crop": "./database/templates/ycbv/templates_pandaEight/ycbv_desc_dinov2l9/000015/mask_000004.png", "img_uv_crop": "./database/templates/ycbv/templates_pandaEight/ycbv_desc_dinov2l9/000015/uv_000004.png", "img_uv": "./database/templates/ycbv/templates_pandaEight/ycbv_desc_dinov2l9/000015/uv_full_000004.png", "img_desc": "./database/templates/ycbv/templates_pandaEight/ycbv_desc_dinov2l9/000015/000004.npy", "uv_crop": "./database/templates/ycbv/templates_pandaEight/ycbv_desc_dinov2l9/000015/000004_uv.npy", "uv": "./database/templates/ycbv/templates_pandaEight/ycbv_desc_dinov2l9/000015/000004_uv_full.npy"}, {"img_id": "5", "img_name": "./data/bop/ycbv/templates_pandaEight/ycbv/000015/000005.png", "mask_name": "./data/bop/ycbv/templates_pandaEight/ycbv/000015/mask_000005.png", "obj_id": "15", "bbox_obj": [217, 169, 221, 161], "cam_R_m2c": [[0.7071067811865476, 0.7071067811865476, 0.0], [0.4082482904638631, -0.4082482904638631, -0.8164965809277261], [-0.5773502691896258, 0.5773502691896258, -0.5773502691896258]], "cam_t_m2c": [-0.0, -0.0, 1039.2304845413264], "model_path": "./data/bop/ycbv/models/obj_000015.ply", "model_info": {"diameter": 226.17, "min_x": -92.1205, "min_y": -93.717, "min_z": -28.6585, "size_x": 184.241, "size_y": 187.434, "size_z": 57.317}, "cam_K": [[1066.778, 0.0, 312.9869], [0.0, 1067.487, 241.3109], [0.0, 0.0, 1.0]], "img_c