{"18": [{"img_id": "0", "img_name": "./templates/ycbv/obj_18/000000.png", "mask_name": "./templates/ycbv/obj_18/mask_000000.png", "obj_id": "18", "bbox_obj": [300, 161, 27, 162], "cam_R_m2c": [[-1.0, 0.0, 0.0], [0.0, -1.0, 0.0], [0.0, 0.0, 1.0]], "cam_t_m2c": [-0.0, -0.0, 800.0], "model_path": "./templates/ycbv/models/obj_000018.ply", "model_info": {"diameter": 121.365, "min_x": -10.5195, "min_y": -60.4225, "min_z": -9.4385, "size_x": 21.039, "size_y": 120.845, "size_z": 18.877, "symmetries_continuous": [{"axis": [0, 1, 0], "offset": [0, 0, 0]}]}, "cam_K": [[1066.778, 0.0, 312.9869], [0.0, 1067.487, 241.3109], [0.0, 0.0, 1.0]], "img_crop": "./templates/ycbv_desc/obj_18/000000.png", "img_desc": "./templates/ycbv_desc/obj_18/000000.npy", "uv_crop": "./templates/ycbv_desc/obj_18/000000_uv.npy"}, {"img_id": "1", "img_name": "./templates/ycbv/obj_18/000001.png", "mask_name": "./templates/ycbv/obj_18/mask_000001.png", "obj_id": "18", "bbox_obj": [279, 164, 72, 151], "cam_R_m2c": [[0.9510580577117116, -0.3090122503423235, 0.0], [0.29725102418829313, 0.9148601112226358, -0.27326325313279376], [0.08444169278642857, 0.2598892187684586, 0.9619392883583052]], "cam_t_m2c": [-0.0, -0.0, 799.9999891106931], "model_path": "./templates/ycbv/models/obj_000018.ply", "model_info": {"diameter": 121.365, "min_x": -10.5195, "min_y": -60.4225, "min_z": -9.4385, "size_x": 21.039, "size_y": 120.845, "size_z": 18.877, "symmetries_continuous": [{"axis": [0, 1, 0], "offset": [0, 0, 0]}]}, "cam_K": [[1066.778, 0.0, 312.9869], [0.0, 1067.487, 241.3109], [0.0, 0.0, 1.0]], "img_crop": "./templates/ycbv_desc/obj_18/000001.png", "img_desc": "./templates/ycbv_desc/obj_18/000001.npy", "uv_crop": "./templates/ycbv_desc/obj_18/000001_uv.npy"}, {"img_id": "2", "img_name": "./templates/ycbv/obj_18/000002.png", "mask_name": "./templates/ycbv/obj_18/mask_000002.png", "obj_id": "18", "bbox_obj": [281, 165, 66, 154], "cam_R_m2c": [[-0.9510580577117116, -0.3090122503423235, -0.0], [0.29725102418829313, -0.9148601112226358, -0.27326325313279376], [0.08444169278642857, -0.2598892187684586, 0.9619392883583052]], "cam_t_m2c": [-0.0, -0.0, 799.9999891106931], "model_path": "./templates/ycbv/models/obj_000018.ply", "model_info": {"diameter": 121.365, "min_x": -10.5195, "min_y": -60.4225, "min_z": -9.4385, "size_x": 21.039, "size_y": 120.845, "size_z": 18.877, "symmetries_continuous": [{"axis": [0, 1, 0], "offset": [0, 0, 0]}]}, "cam_K": [[1066.778, 0.0, 312.9869], [0.0, 1067.487, 241.3109], [0.0, 0.0, 1.0]], "img_crop": "./templates/ycbv_desc/obj_18/000002.png", "img_desc": "./templates/ycbv_desc/obj_18/000002.npy", "uv_crop": "./templates/ycbv_desc/obj_18/000002_uv.npy"}, {"img_id": "3", "img_name": "./templates/ycbv/obj_18/000003.png", "mask_name": "./templates/ycbv/obj_18/mask_000003.png", "obj_id": "18", "bbox_obj": [242, 192, 141, 103], "cam_R_m2c": [[-0.5877807640020354, 0.8090202552898065, 0.0], [-0.7782283255506989, -0.565409378528298, -0.2732634406260734], [-0.22107565849667676, -0.16061899390501824, 0.9619392350960639]], "cam_t_m2c": [-2.2737367544323207e-14, 4.5474735088646414e-14, 799.9999838360113], "model_path": "./templates/ycbv/models/obj_000018.ply", "model_info": {"diameter": 121.365, "min_x": -10.5195, "min_y": -60.4225, "min_z": -9.4385, "size_x": 21.039, "size_y": 120.845, "size_z": 18.877, "symmetries_continuous": [{"axis": [0, 1, 0], "offset": [0, 0, 0]}]}, "cam_K": [[1066.778, 0.0, 312.9869], [0.0, 1067.487, 241.3109], [0.0, 0.0, 1.0]], "img_crop": "./templates/ycbv_desc/obj_18/000003.png", "img_desc": "./templates/ycbv_desc/obj_18/000003.npy", "uv_crop": "./templates/ycbv_desc/obj_18/000003_uv.npy"}, {"img_id": "4", "img_name": "./templates/ycbv/obj_18/000004.png", "mask_name": "./templates/ycbv/obj_18/mask_000004.png", "obj_id": "18", "bbox_obj": [242, 186, 137, 107], "cam_R_m2c": [[0.5877807640020354, 0.8090202552898065, 0.0], [-0.7782283255506989, 0.565409378528298, -0.2732634406260734], [-0.22107565849667676, 0.16061899390501824, 0.9619392350960639]], "cam_t_m2c": [2.2737367544323207e-14, 4.5474735088646414e-14, 799.9999838360113], "model_path": "./templates/ycbv/models/obj_000018.ply", "model_info": {"diameter": 121.365, "min_x": -10.5195, "min_y": -60.4225, "min_z": -9.4385, "size_x": 21.039, "size_y": 120.845, "size_z": 18.877, "symmetries_continuous": [{"axis": [0, 1, 0], "offset": [0, 0, 0]}]}, "cam_K": [[1066.778, 0.0, 312.9869], [0.0, 1067.487, 241.3109], [0.0, 0.0, 1.0]], "img_crop": "./templates/ycbv_desc/obj_18/000004.png", "img_desc": "./templates/ycbv_desc/obj_18/000004.npy", "uv_crop": "./templates/ycbv_desc/obj_18/000004_uv.npy"}, {"img_id": "5", "img_name": "./templates/ycbv/obj_18/000005.png", "mask_name": "./templates/ycbv/obj_18/mask_000005.png", "obj_id": "18", "bbox_obj": [233, 228, 161, 27], "cam_R_m2c": [[0.0, -1.0, 0.0], [0.9619385778400644, 0.0, -0.27326575428149513], [0.27326575428149513, 0.0, 0.9619385778400644]], "cam_t_m2c": [-0.0, 4.5474735088646414e-14, 799.9999851707275], "model_path": "./templates/ycbv/models/obj_000018.ply", "model_info": {"diameter": 121.365, "min_x": -10.5195, "min_y": -60.4225, "min_z": -9.4385, "size_x": 21.039, "size_y": 120.845, "size_z": 18.877, "symmetries_continuous": [{"axis": [0, 1, 0], "offset": [0, 0, 0]}]}, "cam_K": [[1066.778, 0.0, 312.9869], [0.0, 1067.487, 241.3109], [0.0, 0.0, 1.0]], "img_crop": "./templates/ycbv_desc/obj_18/000005.png", "img_desc": "./templates/ycbv_desc/obj_18/000005.npy", "uv_crop": "./templates/ycbv_desc/obj_18/000005_uv.npy"}, {"img_id": "6", "img_name": "./templates/ycbv/obj_18/000006.png", "mask_name": "./templates/ycbv/obj_18/mask_000006.png", "obj_id": "18", "bbox_obj": [278, 166, 67, 145], "cam_R_m2c": [[0.9510548286483516, 0.30902218836946765, 0.0], [-0.2763986793395427, 0.8506518577352481, -0.44720821435985275], [-0.13819726105828367, 0.42531953167814496, 0.8944298815497345]], "cam_t_m2c": [-2.2737367544323207e-14, -4.5474735088646414e-14, 799.9999829607684], "model_path": "./templates/ycbv/models/obj_000018.ply", "model_info": {"diameter": 121.365, "min_x": -10.5195, "min_y": -60.4225, "min_z": -9.4385, "size_x": 21.039, "size_y": 120.845, "size_z": 18.877, "symmetries_continuous": [{"axis": [0, 1, 0], "offset": [0, 0, 0]}]}, "cam_K": [[1066.778, 0.0, 312.9869], [0.0, 1067.487, 241.3109], [0.0, 0.0, 1.0]], "img_crop": "./templates/ycbv_desc/obj_18/000006.png", "img_desc": "./templates/ycbv_desc/obj_18/000006.npy", "uv_crop": "./templates/ycbv_desc/obj_18/000006_uv.npy"}, {"img_id": "7", "img_name": "./templates/ycbv/obj_18/000007.png", "mask_name": "./templates/ycbv/obj_18/mask_000007.png", "obj_id": "18", "bbox_obj": [278, 170, 72, 144], "cam_R_m2c": [[-0.9510548090628093, 0.3090222486464416, 0.0], [-0.2763987321146936, -0.8506518367138595, -0.44720822172756103], [-0.13819729029142735, -0.42531952992642397, 0.8944298778659356]], "cam_t_m2c": [-0.0, -4.5474735088646414e-14, 799.9999862556482], "model_path": "./templates/ycbv/models/obj_000018.ply", "model_info": {"diameter": 121.365, "min_x": -10.5195, "min_y": -60.4225, "min_z": -9.4385, "size_x": 21.039, "size_y": 120.845, "size_z": 18.877, "symmetries_continuous": [{"axis": [0, 1, 0], "offset": [0, 0, 0]}]}, "cam_K": [[1066.778, 0.0, 312.9869], [0.0, 1067.487, 241.3109], [0.0, 0.0, 1.0]], "img_crop": "./templates/ycbv_desc/obj_18/000007.png", "img_desc": "./templates/ycbv_desc/obj_18/000007.npy", "uv_crop": "./templates/ycbv_desc/obj_18/000007_uv.npy"}, {"img_id": "8", "img_name": "./templates/ycbv/obj_18/000008.png", "mask_name": "./templates/ycbv/obj_18/mask_000008.png", "obj_id": "18", "bbox_obj": [246, 190, 141, 98], "cam_R_m2c": [[0.5877847203344576, -0.8090173808648015, 0.0], [0.7236087730899597, 0.5257318203319542, -0.4472095667555571], [0.3618003123942634, 0.2628629501263091, 0.8944292053607747]], "cam_t_m2c": [-0.0, -4.5474735088646414e-14, 800.0000013303411], "model_path": "./templates/ycbv/models/obj_000018.ply", "model_info": {"diameter": 121.365, "min_x": -10.5195, "min_y": -60.4225, "min_z": -9.4385, "size_x": 21.039, "size_y": 120.845, "size_z": 18.877, "symmetries_continuous": [{"axis": [0, 1, 0], "offset": [0, 0, 0]}]}, "cam_K": [[1066.778, 0.0, 312.9869], [0.0, 1067.487, 241.3109], [0.0, 0.0, 1.0]], "img_crop": "./templates/ycbv_desc/obj_18/000008.png", "img_desc": "./templates/ycbv_desc/obj_18/000008.npy", "uv_crop": "./templates/ycbv_desc/obj_18/000008_uv.npy"}, {"img_id": "9", "img_name": "./templates/ycbv/obj_18/000009.png", "mask_name": "./templates/ycbv/obj_18/mask_000009.png", "obj_id": "18", "bbox_obj": [246, 192, 137, 102], "cam_R_m2c": [[-0.5877847203344576, -0.8090173808648015, -0.0], [0.7236087730899597, -0.5257318203319542, -0.4472095667555571], [0.3618003123942634, -0.2628629501263091, 0.8944292053607747]], "cam_t_m2c": [-0.0, -4.5474735088646414e-14, 800.0000013303411], "model_path": "./templates/ycbv/models/obj_000018.ply", "model_info": {"diameter": 121.365, "min_x": -10.5195, "min_y": -60.4225, "min_z": -9.4385, "size_x": 21.039, "size_y": 120.845, "size_z": 18.877, "symmetries_continuous": [{"axis": [0, 1, 0], "offset": [0, 0, 0]}]}, "cam_K": [[1066.778, 0.0, 312.9869], [0.0, 1067.487, 241.3109], [0.0, 0.0, 1.0]], "img_crop": "./templates/ycbv_desc/obj_18/000009.png", "img_desc": "./templates/ycbv_desc/obj_18/000009.npy", "uv_crop": "./templates/ycbv_desc/obj_18/000009_uv.npy"}, {"img_id": "10", "img_name": "./templates/ycbv/obj_18/000010.png", "mask_name": "./templates/ycbv/obj_18/mask_000010.png", "obj_id": "18", "bbox_obj": [233, 229, 161, 26], "cam_R_m2c": [[0.0, 1.0, 0.0], [-0.8944290387362918, 0.0, -0.4472099000081205], [-0.4472099000081205, 0.0, 0.8944290387362918]], "cam_t_m2c": [-0.0, -0.0, 799.9999904277871], "model_path": "./templates/ycbv/models/obj_000018.ply", "model_info": {"diameter": 121.365, "min_x": -10.5195, "min_y": -60.4225, "min_z": -9.4385, "size_x": 21.039, "size_y": 120.845, "size_z": 18.877, "symmetries_continuous": [{"axis": [0, 1, 0], "offset": [0, 0, 0]}]}, "cam_K": [[1066.778, 0.0, 312.9869], [0.0, 1067.487, 241.3109], [0.0, 0.0, 1.0]], "img_crop": "./templates/ycbv_desc/obj_18/000010.png", "img_desc": "./templates/ycbv_desc/obj_18/000010.npy", "uv_crop": "./templates/ycbv_desc/obj_18/000010_uv.npy"}, {"img_id": "11", "img_name": "./templates/ycbv/obj_18/000011.png", "mask_name": "./templates/ycbv/obj_18/mask_000011.png", "obj_id": "18", "bbox_obj": [279, 169, 73, 138], "cam_R_m2c": [[0.9510580534211469, -0.3090122635475475, 0.0], [0.2628626464812656, 0.8090217326961737, -0.5257252753198635], [0.1624555573307486, 0.4999952569800058, 0.8506544156647009]], "cam_t_m2c": [2.2737367544323207e-14, -4.5474735088646414e-14, 800.000007121243], "model_path": "./templates/ycbv/models/obj_000018.ply", "model_info": {"diameter": 121.365, "min_x": -10.5195, "min_y": -60.4225, "min_z": -9.4385, "size_x": 21.039, "size_y": 120.845, "size_z": 18.877, "symmetries_continuous": [{"axis": [0, 1, 0], "offset": [0, 0, 0]}]}, "cam_K": [[1066.778, 0.0, 312.9869], [0.0, 1067.487, 241.3109], [0.0, 0.0, 1.0]], "img_crop": "./templates/ycbv_desc/obj_18/000011.png", "img_desc": "./templates/ycbv_desc/obj_18/000011.npy", "uv_crop": "./templates/ycbv_desc/obj_18/000011_uv.npy"}, {"img_id": "12", "img_name": "./templates/ycbv/obj_18/000012.png", "mask_name": "./templates/ycbv/obj_18/mask_000012.png", "obj_id": "18", "bbox_obj": [280, 172, 67, 139], "cam_R_m2c": [[-0.9510580534211469, -0.3090122635475475, -0.0], [0.2628626464812656, -0.8090217326961737, -0.5257252753198635], [0.1624555573307486, -0.4999952569800058, 0.8506544156647009]], "cam_t_m2c": [-2.2737367544323207e-14, -4.5474735088646414e-14, 800.000007121243], "model_path": "./templates/ycbv/models/obj_000018.ply", "model_info": {"diameter": 121.365, "min_x": -10.5195, "min_y": -60.4225, "min_z": -9.4385, "size_x": 21.039, "size_y": 120.845, "size_z": 18.877, "symmetries_continuous": [{"axis": [0, 1, 0], "offset": [0, 0, 0]}]}, "cam_K": [[1066.778, 0.0, 312.9869], [0.0, 1067.487, 241.3109], [0.0, 0.0, 1.0]], "img_crop": "./templates/ycbv_desc/obj_18/000012.png", "img_desc": "./templates/ycbv_desc/obj_18/000012.npy", "uv_crop": "./templates/ycbv_desc/obj_18/000012_uv.npy"}, {"img_id": "13", "img_name": "./templates/ycbv/obj_18/000013.png", "mask_name": "./templates/ycbv/obj_18/mask_000013.png", "obj_id": "18", "bbox_obj": [243, 196, 141, 94], "cam_R_m2c": [[-0.5877807497417306, 0.8090202656504032, 0.0], [-0.6881964846050354, -0.4999981618081849, -0.5257256287891124], [-0.425322687862193, -0.30901140424810725, 0.8506541972119414]], "cam_t_m2c": [2.2737367544323207e-14, 4.5474735088646414e-14, 799.9999883443369], "model_path": "./templates/ycbv/models/obj_000018.ply", "model_info": {"diameter": 121.365, "min_x": -10.5195, "min_y": -60.4225, "min_z": -9.4385, "size_x": 21.039, "size_y": 120.845, "size_z": 18.877, "symmetries_continuous": [{"axis": [0, 1, 0], "offset": [0, 0, 0]}]}, "cam_K": [[1066.778, 0.0, 312.9869], [0.0, 1067.487, 241.3109], [0.0, 0.0, 1.0]], "img_crop": "./templates/ycbv_desc/obj_18/000013.png", "img_desc": "./templates/ycbv_desc/obj_18/000013.npy", "uv_crop": "./templates/ycbv_desc/obj_18/000013_uv.npy"}, {"img_id": "14", "img_name": "./templates/ycbv/obj_18/000014.png", "mask_name": "./templates/ycbv/obj_18/mask_000014.png", "obj_id": "18", "bbox_obj": [242, 190, 137, 98], "cam_R_m2c": [[0.5877807497417306, 0.8090202656504032, 0.0], [-0.6881964846050354, 0.4999981618081849, -0.5257256287891124], [-0.425322687862193, 0.30901140424810725, 0.8506541972119414]], "cam_t_m2c": [-2.2737367544323207e-14, 4.5474735088646414e-14, 799.9999883443369], "model_path": "./templates/ycbv/models/obj_000018.ply", "model_info": {"diameter": 121.365, "min_x": -10.5195, "min_y": -60.4225, "min_z": -9.4385, "size_x": 21.039, "size_y": 120.845, "size_z": 18.877, "symmetries_continuous": [{"axis": [0, 1, 0], "offset": [0, 0, 0]}]}, "cam_K": [[1066.778, 0.0, 312.9869], [0.0, 1067.487, 241.3109], [0.0, 0.0, 1.0]], "img_crop": "./templates/ycbv_desc/obj_18/000014.png", "img_desc": "./templates/ycbv_desc/obj_18/000014.npy", "uv_crop": "./templates/ycbv_desc/obj_18/000014_uv.npy"}, {"img_id": "15", "img_name": "./templates/ycbv/obj_18/000015.png", "mask_name": "./templates/ycbv/obj_18/mask_000015.png", "obj_id": "18", "bbox_obj": [233, 229, 161, 26], "cam_R_m2c": [[0.0, -1.0, 0.0], [0.8506516309737218, 0.0, -0.5257297810869641], [0.5257297810869641, 0.0, 0.8506516309737218]], "cam_t_m2c": [-0.0, -0.0, 799.9999913899615], "model_path": "./templates/ycbv/models/obj_000018.ply", "model_info": {"diameter": 121.365, "min_x": -10.5195, "min_y": -60.4225, "min_z": -9.4385, "size_x": 21.039, "size_y": 120.845, "size_z": 18.877, "symmetries_continuous": [{"axis": [0, 1, 0], "offset": [0, 0, 0]}]}, "cam_K": [[1066.778, 0.0, 312.9869], [0.0, 1067.487, 241.3109], [0.0, 0.0, 1.0]], "img_crop": "./templates/ycbv_desc/obj_18/000015.png", "img_desc": "./templates/ycbv_desc/obj_18/000015.npy", "uv_crop": "./templates/ycbv_desc/obj_18/000015_uv.npy"}, {"img_id": "16", "img_name": "./templates/ycbv/obj_18/000016.png", "mask_name": "./templates/ycbv/obj_18/mask_000016.png", "obj_id": "18", "bbox_obj": [295, 178, 38, 127], "cam_R_m2c": [[-0.9970707477244484, 0.07648479608529746, 0.0], [-0.055345304543137935, -0.7214922050955382, -0.6902071393802046], [-0.052790352312111426, -0.6881853485465731, 0.7236118467442298]], "cam_t_m2c": [-0.0, -0.0, 799.999983328973], "model_path": "./templates/ycbv/models/obj_000018.ply", "model_info": {"diameter": 121.365, "min_x": -10.5195, "min_y": -60.4225, "min_z": -9.4385, "size_x": 21.039, "size_y": 120.845, "size_z": 18.877, "symmetries_continuous": [{"axis": [0, 1, 0], "offset": [0, 0, 0]}]}, "cam_K": [[1066.778, 0.0, 312.9869], [0.0, 1067.487, 241.3109], [0.0, 0.0, 1.0]], "img_crop": "./templates/ycbv_desc/obj_18/000016.png", "img_desc": "./templates/ycbv_desc/obj_18/000016.npy", "uv_crop": "./templates/ycbv_desc/obj_18/000016_uv.npy"}, {"img_id": "17", "img_name": "./templates/ycbv/obj_18/000017.png", "mask_name": "./templates/ycbv/obj_18/mask_000017.png", "obj_id": "18", "bbox_obj": [296, 173, 33, 127], "cam_R_m2c": [[0.9970707477244484, 0.07648479608529746, 0.0], [-0.055345304543137935, 0.7214922050955382, -0.6902071393802046], [-0.052790352312111426, 0.6881853485465731, 0.7236118467442298]], "cam_t_m2c": [-0.0, -0.0, 799.999983328973], "model_path": "./templates/ycbv/models/obj_000018.ply", "model_info": {"diameter": 121.365, "min_x": -10.5195, "min_y": -60.4225, "min_z": -9.4385, "size_x": 21.039, "size_y": 120.845, "size_z": 18.877, "symmetries_continuous": [{"axis": [0, 1, 0], "offset": [0, 0, 0]}]}, "cam_K": [[1066.778, 0.0, 312.9869], [0.0, 1067.487, 241.3109], [0.0, 0.0, 1.0]], "img_crop": "./templates/ycbv_desc/obj_18/000017.png", "img_desc": "./templates/ycbv_desc/obj_18/000017.npy", "uv_crop": "./templates/ycbv_desc/obj_18/000017_uv.npy"}, {"img_id": "18", "img_name": "./templates/ycbv/obj_18/000018.png", "mask_name": "./templates/ycbv/obj_18/mask_000018.png", "obj_id": "18", "bbox_obj": [263, 187, 102, 110], "cam_R_m2c": [[-0.851598009001932, 0.5241954130512259, 0.0], [-0.3793139198585409, -0.6162262600849678, -0.6902073214500424], [-0.36180351195848515, -0.5877791807454126, 0.7236116730793928]], "cam_t_m2c": [-0.0, -0.0, 799.9999776363056], "model_path": "./templates/ycbv/models/obj_000018.ply", "model_info": {"diameter": 121.365, "min_x": -10.5195, "min_y": -60.4225, "min_z": -9.4385, "size_x": 21.039, "size_y": 120.845, "size_z": 18.877, "symmetries_continuous": [{"axis": [0, 1, 0], "offset": [0, 0, 0]}]}, "cam_K": [[1066.778, 0.0, 312.9869], [0.0, 1067.487, 241.3109], [0.0, 0.0, 1.0]], "img_crop": "./templates/ycbv_desc/obj_18/000018.png", "img_desc": "./templates/ycbv_desc/obj_18/000018.npy", "uv_crop": "./templates/ycbv_desc/obj_18/000018_uv.npy"}, {"img_id": "19", "img_name": "./templates/ycbv/obj_18/000019.png", "mask_name": "./templates/ycbv/obj_18/mask_000019.png", "obj_id": "18", "bbox_obj": [261, 181, 98, 114], "cam_R_m2c": [[0.851598009001932, 0.5241954130512259, 0.0], [-0.3793139198585409, 0.6162262600849678, -0.6902073214500424], [-0.36180351195848515, 0.5877791807454126, 0.7236116730793928]], "cam_t_m2c": [-0.0, -0.0, 799.9999776363056], "model_path": "./templates/ycbv/models/obj_000018.ply", "model_info": {"diameter": 121.365, "min_x": -10.5195, "min_y": -60.4225, "min_z": -9.4385, "size_x": 21.039, "size_y": 120.845, "size_z": 18.877, "symmetries_continuous": [{"axis": [0, 1, 0], "offset": [0, 0, 0]}]}, "cam_K": [[1066.778, 0.0, 312.9869], [0.0, 1067.487, 241.3109], [0.0, 0.0, 1.0]], "img_crop": "./templates/ycbv_desc/obj_18/000019.png", "img_desc": "./templates/ycbv_desc/obj_18/000019.npy", "uv_crop": "./templates/ycbv_desc/obj_18/000019_uv.npy"}, {"img_id": "20", "img_name": "./templates/ycbv/obj_18/000020.png", "mask_name": "./templates/ycbv/obj_18/mask_000020.png", "obj_id": "18", "bbox_obj": [258, 187, 119, 102], "cam_R_m2c": [[0.7616943327416205, -0.6479365273460801, 0.0], [0.4688543541521678, 0.5511708159157226, -0.6902074516225902], [0.4472106193527287, 0.5257271043169631, 0.7236115489160256]], "cam_t_m2c": [4.5474735088646414e-14, -0.0, 799.9999831133591], "model_path": "./templates/ycbv/models/obj_000018.ply", "model_info": {"diameter": 121.365, "min_x": -10.5195, "min_y": -60.4225, "min_z": -9.4385, "size_x": 21.039, "size_y": 120.845, "size_z": 18.877, "symmetries_continuous": [{"axis": [0, 1, 0], "offset": [0, 0, 0]}]}, "cam_K": [[1066.778, 0.0, 312.9869], [0.0, 1067.487, 241.3109], [0.0, 0.0, 1.0]], "img_crop": "./templates/ycbv_desc/obj_18/000020.png", "img_desc": "./templates/ycbv_desc/obj_18/000020.npy", "uv_crop": "./templates/ycbv_desc/obj_18/000020_uv.npy"}, {"img_id": "21", "img_name": "./templates/ycbv/obj_18/000021.png", "mask_name": "./templates/ycbv/obj_18/mask_000021.png", "obj_id": "18", "bbox_obj": [257, 190, 114, 104], "cam_R_m2c": [[-0.7616943327416205, -0.6479365273460801, -0.0], [0.4688543541521678, -0.5511708159157226, -0.6902074516225902], [0.4472106193527287, -0.5257271043169631, 0.7236115489160256]], "cam_t_m2c": [-4.5474735088646414e-14, -0.0, 799.9999831133591], "model_path": "./templates/ycbv/models/obj_000018.ply", "model_info": {"diameter": 121.365, "min_x": -10.5195, "min_y": -60.4225, "min_z": -9.4385, "size_x": 21.039, "size_y": 120.845, "size_z": 18.877, "symmetries_continuous": [{"axis": [0, 1, 0], "offset": [0, 0, 0]}]}, "cam_K": [[1066.778, 0.0, 312.9869], [0.0, 1067.487, 241.3109], [0.0, 0.0, 1.0]], "img_crop": "./templates/ycbv_desc/obj_18/000021.png", "img_desc": "./templates/ycbv_desc/obj_18/000021.npy", "uv_crop": "./templates/ycbv_desc/obj_18/000021_uv.npy"}, {"img_id": "22", "img_name": "./templates/ycbv/obj_18/000022.png", "mask_name": "./templates/ycbv/obj_18/mask_000022.png", "obj_id": "18", "bbox_obj": [233, 219, 160, 47], "cam_R_m2c": [[-0.23537353026007526, 0.9719049857125487, 0.0], [-0.7032807745404842, -0.17031878743401382, -0.6902084198332731], [-0.6708170044167381, -0.16245679239138563, 0.7236106253996386]], "cam_t_m2c": [-0.0, -0.0, 800.0000156686531], "model_path": "./templates/ycbv/models/obj_000018.ply", "model_info": {"diameter": 121.365, "min_x": -10.5195, "min_y": -60.4225, "min_z": -9.4385, "size_x": 21.039, "size_y": 120.845, "size_z": 18.877, "symmetries_continuous": [{"axis": [0, 1, 0], "offset": [0, 0, 0]}]}, "cam_K": [[1066.778, 0.0, 312.9869], [0.0, 1067.487, 241.3109], [0.0, 0.0, 1.0]], "img_crop": "./templates/ycbv_desc/obj_18/000022.png", "img_desc": "./templates/ycbv_desc/obj_18/000022.npy", "uv_crop": "./templates/ycbv_desc/obj_18/000022_uv.npy"}, {"img_id": "23", "img_name": "./templates/ycbv/obj_18/000023.png", "mask_name": "./templates/ycbv/obj_18/mask_000023.png", "obj_id": "18", "bbox_obj": [233, 215, 158, 52], "cam_R_m2c": [[0.23537353026007526, 0.9719049857125487, 0.0], [-0.7032807745404842, 0.17031878743401382, -0.6902084198332731], [-0.6708170044167381, 0.16245679239138563, 0.7236106253996386]], "cam_t_m2c": [-0.0, -0.0, 800.0000156686531], "model_path": "./templates/ycbv/models/obj_000018.ply", "model_info": {"diameter": 121.365, "min_x": -10.5195, "min_y": -60.4225, "min_z": -9.4385, "size_x": 21.039, "size_y": 120.845, "size_z": 18.877, "symmetries_continuous": [{"axis": [0, 1, 0], "offset": [0, 0, 0]}]}, "cam_K": [[1066.778, 0.0, 312.9869], [0.0, 1067.487, 241.3109], [0.0, 0.0, 1.0]], "img_crop": "./templates/ycbv_desc/obj_18/000023.png", "img_desc": "./templates/ycbv_desc/obj_18/000023.npy", "uv_crop": "./templates/ycbv_desc/obj_18/000023_uv.npy"}, {"img_id": "24", "img_name": "./templates/ycbv/obj_18/000024.png", "mask_name": "./templates/ycbv/obj_18/mask_000024.png", "obj_id": "18", "bbox_obj": [238, 209, 155, 62], "cam_R_m2c": [[0.38084612490483905, -0.9246384315747251, 0.0], [0.6690769615120805, 0.27558379508518943, -0.6902098169833621], [0.638194522632974, 0.2628637341693916, 0.7236092927400766]], "cam_t_m2c": [-0.0, -4.5474735088646414e-14, 799.9999733836886], "model_path": "./templates/ycbv/models/obj_000018.ply", "model_info": {"diameter": 121.365, "min_x": -10.5195, "min_y": -60.4225, "min_z": -9.4385, "size_x": 21.039, "size_y": 120.845, "size_z": 18.877, "symmetries_continuous": [{"axis": [0, 1, 0], "offset": [0, 0, 0]}]}, "cam_K": [[1066.778, 0.0, 312.9869], [0.0, 1067.487, 241.3109], [0.0, 0.0, 1.0]], "img_crop": "./templates/ycbv_desc/obj_18/000024.png", "img_desc": "./templates/ycbv_desc/obj_18/000024.npy", "uv_crop": "./templates/ycbv_desc/obj_18/000024_uv.npy"}, {"img_id": "25", "img_name": "./templates/ycbv/obj_18/000025.png", "mask_name": "./templates/ycbv/obj_18/mask_000025.png", "obj_id": "18", "bbox_obj": [237, 209, 153, 66], "cam_R_m2c": [[-0.38084612490483905, -0.9246384315747251, -0.0], [0.6690769615120805, -0.27558379508518943, -0.6902098169833621], [0.638194522632974, -0.2628637341693916, 0.7236092927400766]], "cam_t_m2c": [-0.0, -4.5474735088646414e-14, 799.9999733836886], "model_path": "./templates/ycbv/models/obj_000018.ply", "model_info": {"diameter": 121.365, "min_x": -10.5195, "min_y": -60.4225, "min_z": -9.4385, "size_x": 21.039, "size_y": 120.845, "size_z": 18.877, "symmetries_continuous": [{"axis": [0, 1, 0], "offset": [0, 0, 0]}]}, "cam_K": [[1066.778, 0.0, 312.9869], [0.0, 1067.487, 241.3109], [0.0, 0.0, 1.0]], "img_crop": "./templates/ycbv_desc/obj_18/000025.png", "img_desc": "./templates/ycbv_desc/obj_18/000025.npy", "uv_crop": "./templates/ycbv_desc/obj_18/000025_uv.npy"}, {"img_id": "26", "img_name": "./templates/ycbv/obj_18/000026.png", "mask_name": "./templates/ycbv/obj_18/mask_000026.png", "obj_id": "18", "bbox_obj": [280, 179, 72, 116], "cam_R_m2c": [[0.9510580565469159, -0.3090122539272564, 0.0], [0.2084639939973223, 0.6415970838417733, -0.7381706748526501], [0.22810378401922132, 0.7020431674252867, 0.6746140042925162]], "cam_t_m2c": [-0.0, -0.0, 800.0000094262464], "model_path": "./templates/ycbv/models/obj_000018.ply", "model_info": {"diameter": 121.365, "min_x": -10.5195, "min_y": -60.4225, "min_z": -9.4385, "size_x": 21.039, "size_y": 120.845, "size_z": 18.877, "symmetries_continuous": [{"axis": [0, 1, 0], "offset": [0, 0, 0]}]}, "cam_K": [[1066.778, 0.0, 312.9869], [0.0, 1067.487, 241.3109], [0.0, 0.0, 1.0]], "img_crop": "./templates/ycbv_desc/obj_18/000026.png", "img_desc": "./templates/ycbv_desc/obj_18/000026.npy", "uv_crop": "./templates/ycbv_desc/obj_18/000026_uv.npy"}, {"img_id": "27", "img_name": "./templates/ycbv/obj_18/000027.png", "mask_name": "./templates/ycbv/obj_18/mask_000027.png", "obj_id": "18", "bbox_obj": [280, 183, 66, 116], "cam_R_m2c": [[-0.9510580565469159, -0.3090122539272564, -0.0], [0.2084639939973223, -0.6415970838417733, -0.7381706748526501], [0.22810378401922132, -0.7020431674252867, 0.6746140042925162]], "cam_t_m2c": [-0.0, -0.0, 800.0000094262464], "model_path": "./templates/ycbv/models/obj_000018.ply", "model_info": {"diameter": 121.365, "min_x": -10.5195, "min_y": -60.4225, "min_z": -9.4385, "size_x": 21.039, "size_y": 120.845, "size_z": 18.877, "symmetries_continuous": [{"axis": [0, 1, 0], "offset": [0, 0, 0]}]}, "cam_K": [[1066.778, 0.0, 312.9869], [0.0, 1067.487, 241.3109], [0.0, 0.0, 1.0]], "img_crop": "./templates/ycbv_desc/obj_18/000027.png", "img_desc": "./templates/ycbv_desc/obj_18/000027.npy", "uv_crop": "./templates/ycbv_desc/obj_18/000027_uv.npy"}, {"img_id": "28", "img_name": "./templates/ycbv/obj_18/000028.png", "mask_name": "./templates/ycbv/obj_18/mask_000028.png", "obj_id": "18", "bbox_obj": [243, 203, 141, 79], "cam_R_m2c": [[-0.5877807371537195, 0.8090202747960215, 0.0], [-0.5457762229420292, -0.39652498291556565, -0.7381708829227436], [-0.5971952105485798, -0.4338826257097422, 0.6746137766196724]], "cam_t_m2c": [4.5474735088646414e-14, 4.5474735088646414e-14, 799.9999966832722], "model_path": "./templates/ycbv/models/obj_000018.ply", "model_info": {"diameter": 121.365, "min_x": -10.5195, "min_y": -60.4225, "min_z": -9.4385, "size_x": 21.039, "size_y": 120.845, "size_z": 18.877, "symmetries_continuous": [{"axis": [0, 1, 0], "offset": [0, 0, 0]}]}, "cam_K": [[1066.778, 0.0, 312.9869], [0.0, 1067.487, 241.3109], [0.0, 0.0, 1.0]], "img_crop": "./templates/ycbv_desc/obj_18/000028.png", "img_desc": "./templates/ycbv_desc/obj_18/000028.npy", "uv_crop": "./templates/ycbv_desc/obj_18/000028_uv.npy"}, {"img_id": "29", "img_name": "./templates/ycbv/obj_18/000029.png", "mask_name": "./templates/ycbv/obj_18/mask_000029.png", "obj_id": "18", "bbox_obj": [241, 197, 137, 84], "cam_R_m2c": [[0.5877807371537195, 0.8090202747960215, 0.0], [-0.5457762229420292, 0.39652498291556565, -0.7381708829227436], [-0.5971952105485798, 0.4338826257097422, 0.6746137766196724]], "cam_t_m2c": [-4.5474735088646414e-14, 4.5474735088646414e-14, 799.9999966832722], "model_path": "./templates/ycbv/models/obj_000018.ply", "model_info": {"diameter": 121.365, "min_x": -10.5195, "min_y": -60.4225, "min_z": -9.4385, "size_x": 21.039, "size_y": 120.845, "size_z": 18.877, "symmetries_continuous": [{"axis": [0, 1, 0], "offset": [0, 0, 0]}]}, "cam_K": [[1066.778, 0.0, 312.9869], [0.0, 1067.487, 241.3109], [0.0, 0.0, 1.0]], "img_crop": "./templates/ycbv_desc/obj_18/000029.png", "img_desc": "./templates/ycbv_desc/obj_18/000029.npy", "uv_crop": "./templates/ycbv_desc/obj_18/000029_uv.npy"}, {"img_id": "30", "img_name": "./templates/ycbv/obj_18/000030.png", "mask_name": "./templates/ycbv/obj_18/mask_000030.png", "obj_id": "18", "bbox_obj": [233, 229, 161, 26], "cam_R_m2c": [[0.0, -1.0, 0.0], [0.6746103285220606, 0.0, -0.7381740341216002], [0.7381740341216002, 0.0, 0.6746103285220606]], "cam_t_m2c": [-0.0, -4.5474735088646414e-14, 799.9999860438861], "model_path": "./templates/ycbv/models/obj_000018.ply", "model_info": {"diameter": 121.365, "min_x": -10.5195, "min_y": -60.4225, "min_z": -9.4385, "size_x": 21.039, "size_y": 120.845, "size_z": 18.877, "symmetries_continuous": [{"axis": [0, 1, 0], "offset": [0, 0, 0]}]}, "cam_K": [[1066.778, 0.0, 312.9869], [0.0, 1067.487, 241.3109], [0.0, 0.0, 1.0]], "img_crop": "./templates/ycbv_desc/obj_18/000030.png", "img_desc": "./templates/ycbv_desc/obj_18/000030.npy", "uv_crop": "./templates/ycbv_desc/obj_18/000030_uv.npy"}, {"img_id": "31", "img_name": "./templates/ycbv/obj_18/000031.png", "mask_name": "./templates/ycbv/obj_18/mask_000031.png", "obj_id": "18", "bbox_obj": [278, 194, 72, 95], "cam_R_m2c": [[-0.9510547934674637, 0.30902229664307385, 0.0], [-0.16246465280669425, -0.500005302204128, -0.8506467741408058], [-0.26286881977701393, -0.8090116920942483, 0.5257376395540279]], "cam_t_m2c": [2.2737367544323207e-14, 4.5474735088646414e-14, 800.0000056117032], "model_path": "./templates/ycbv/models/obj_000018.ply", "model_info": {"diameter": 121.365, "min_x": -10.5195, "min_y": -60.4225, "min_z": -9.4385, "size_x": 21.039, "size_y": 120.845, "size_z": 18.877, "symmetries_continuous": [{"axis": [0, 1, 0], "offset": [0, 0, 0]}]}, "cam_K": [[1066.778, 0.0, 312.9869], [0.0, 1067.487, 241.3109], [0.0, 0.0, 1.0]], "img_crop": "./templates/ycbv_desc/obj_18/000031.png", "img_desc": "./templates/ycbv_desc/obj_18/000031.npy", "uv_crop": "./templates/ycbv_desc/obj_18/000031_uv.npy"}, {"img_id": "32", "img_name": "./templates/ycbv/obj_18/000032.png", "mask_name": "./templates/ycbv/obj_18/mask_000032.png", "obj_id": "18", "bbox_obj": [277, 189, 67, 97], "cam_R_m2c": [[0.9510547934674637, 0.30902229664307385, 0.0], [-0.16246465280669425, 0.500005302204128, -0.8506467741408058], [-0.26286881977701393, 0.8090116920942483, 0.5257376395540279]], "cam_t_m2c": [-2.2737367544323207e-14, 4.5474735088646414e-14, 800.0000056117032], "model_path": "./templates/ycbv/models/obj_000018.ply", "model_info": {"diameter": 121.365, "min_x": -10.5195, "min_y": -60.4225, "min_z": -9.4385, "size_x": 21.039, "size_y": 120.845, "size_z": 18.877, "symmetries_continuous": [{"axis": [0, 1, 0], "offset": [0, 0, 0]}]}, "cam_K": [[1066.778, 0.0, 312.9869], [0.0, 1067.487, 241.3109], [0.0, 0.0, 1.0]], "img_crop": "./templates/ycbv_desc/obj_18/000032.png", "img_desc": "./templates/ycbv_desc/obj_18/000032.npy", "uv_crop": "./templates/ycbv_desc/obj_18/000032_uv.npy"}, {"img_id": "33", "img_name": "./templates/ycbv/obj_18/000033.png", "mask_name": "./templates/ycbv/obj_18/mask_000033.png", "obj_id": "18", "bbox_obj": [247, 206, 141, 68], "cam_R_m2c": [[0.5877837801167499, -0.8090180639711725, 0.0], [0.4253300545323742, 0.30901919052725946, -0.8506476853535575], [0.6881893435262941, 0.49999691204467767, 0.5257361652032653]], "cam_t_m2c": [4.5474735088646414e-14, -4.5474735088646414e-14, 799.9999816219569], "model_path": "./templates/ycbv/models/obj_000018.ply", "model_info": {"diameter": 121.365, "min_x": -10.5195, "min_y": -60.4225, "min_z": -9.4385, "size_x": 21.039, "size_y": 120.845, "size_z": 18.877, "symmetries_continuous": [{"axis": [0, 1, 0], "offset": [0, 0, 0]}]}, "cam_K": [[1066.778, 0.0, 312.9869], [0.0, 1067.487, 241.3109], [0.0, 0.0, 1.0]], "img_crop": "./templates/ycbv_desc/obj_18/000033.png", "img_desc": "./templates/ycbv_desc/obj_18/000033.npy", "uv_crop": "./templates/ycbv_desc/obj_18/000033_uv.npy"}, {"img_id": "34", "img_name": "./templates/ycbv/obj_18/000034.png", "mask_name": "./templates/ycbv/obj_18/mask_000034.png", "obj_id": "18", "bbox_obj": [244, 207, 138, 70], "cam_R_m2c": [[-0.5877837801167499, -0.8090180639711725, -0.0], [0.4253300545323742, -0.30901919052725946, -0.8506476853535575], [0.6881893435262941, -0.49999691204467767, 0.5257361652032653]], "cam_t_m2c": [-4.5474735088646414e-14, -4.5474735088646414e-14, 799.9999816219569], "model_path": "./templates/ycbv/models/obj_000018.ply", "model_info": {"diameter": 121.365, "min_x": -10.5195, "min_y": -60.4225, "min_z": -9.4385, "size_x": 21.039, "size_y": 120.845, "size_z": 18.877, "symmetries_continuous": [{"axis": [0, 1, 0], "offset": [0, 0, 0]}]}, "cam_K": [[1066.778, 0.0, 312.9869], [0.0, 1067.487, 241.3109], [0.0, 0.0, 1.0]], "img_crop": "./templates/ycbv_desc/obj_18/000034.png", "img_desc": "./templates/ycbv_desc/obj_18/000034.npy", "uv_crop": "./templates/ycbv_desc/obj_18/000034_uv.npy"}, {"img_id": "35", "img_name": "./templates/ycbv/obj_18/000035.png", "mask_name": "./templates/ycbv/obj_18/mask_000035.png", "obj_id": "18", "bbox_obj": [233, 229, 161, 26], "cam_R_m2c": [[0.0, 1.0, 0.0], [-0.5257359028312409, 0.0, -0.8506478475104843], [-0.8506478475104842, 0.0, 0.5257359028312408]], "cam_t_m2c": [-0.0, -0.0, 800.000018071344], "model_path": "./templates/ycbv/models/obj_000018.ply", "model_info": {"diameter": 121.365, "min_x": -10.5195, "min_y": -60.4225, "min_z": -9.4385, "size_x": 21.039, "size_y": 120.845, "size_z": 18.877, "symmetries_continuous": [{"axis": [0, 1, 0], "offset": [0, 0, 0]}]}, "cam_K": [[1066.778, 0.0, 312.9869], [0.0, 1067.487, 241.3109], [0.0, 0.0, 1.0]], "img_crop": "./templates/ycbv_desc/obj_18/000035.png", "img_desc": "./templates/ycbv_desc/obj_18/000035.npy", "uv_crop": "./templates/ycbv_desc/obj_18/000035_uv.npy"}, {"img_id": "36", "img_name": "./templates/ycbv/obj_18/000036.png", "mask_name": "./templates/ycbv/obj_18/mask_000036.png", "obj_id": "18", "bbox_obj": [300, 189, 29, 98], "cam_R_m2c": [[0.9999668251000431, -0.008145471093799888, 0.0], [0.004119388411311563, 0.5057106830995443, -0.8626933033460437], [0.007027043365219938, 0.8626646835820118, 0.5057274605574539]], "cam_t_m2c": [-0.0, 4.5474735088646414e-14, 800.000014812181], "model_path": "./templates/ycbv/models/obj_000018.ply", "model_info": {"diameter": 121.365, "min_x": -10.5195, "min_y": -60.4225, "min_z": -9.4385, "size_x": 21.039, "size_y": 120.845, "size_z": 18.877, "symmetries_continuous": [{"axis": [0, 1, 0], "offset": [0, 0, 0]}]}, "cam_K": [[1066.778, 0.0, 312.9869], [0.0, 1067.487, 241.3109], [0.0, 0.0, 1.0]], "img_crop": "./templates/ycbv_desc/obj_18/000036.png", "img_desc": "./templates/ycbv_desc/obj_18/000036.npy", "uv_crop": "./templates/ycbv_desc/obj_18/000036_uv.npy"}, {"img_id": "37", "img_name": "./templates/ycbv/obj_18/000037.png", "mask_name": "./templates/ycbv/obj_18/mask_000037.png", "obj_id": "18", "bbox_obj": [301, 192, 26, 97], "cam_R_m2c": [[-0.9999668248098676, -0.008145506716662755, -0.0], [0.004119406425881883, -0.5057106828435779, -0.862693303410071], [0.0070270740973467135, -0.8626646833957045, 0.5057274604482332]], "cam_t_m2c": [-7.105427357601002e-16, 4.5474735088646414e-14, 800.0000149849546], "model_path": "./templates/ycbv/models/obj_000018.ply", "model_info": {"diameter": 121.365, "min_x": -10.5195, "min_y": -60.4225, "min_z": -9.4385, "size_x": 21.039, "size_y": 120.845, "size_z": 18.877, "symmetries_continuous": [{"axis": [0, 1, 0], "offset": [0, 0, 0]}]}, "cam_K": [[1066.778, 0.0, 312.9869], [0.0, 1067.487, 241.3109], [0.0, 0.0, 1.0]], "img_crop": "./templates/ycbv_desc/obj_18/000037.png", "img_desc": "./templates/ycbv_desc/obj_18/000037.npy", "uv_crop": "./templates/ycbv_desc/obj_18/000037_uv.npy"}, {"img_id": "38", "img_name": "./templates/ycbv/obj_18/000038.png", "mask_name": "./templates/ycbv/obj_18/mask_000038.png", "obj_id": "18", "bbox_obj": [258, 201, 112, 82], "cam_R_m2c": [[-0.8041959002159698, 0.5943643277282261, 0.0], [-0.30058622736152735, -0.4067037680902968, -0.8626934362458765], [-0.5127542042698336, -0.6937745245721609, 0.5057272338507012]], "cam_t_m2c": [-0.0, -9.094947017729283e-14, 799.9999962854787], "model_path": "./templates/ycbv/models/obj_000018.ply", "model_info": {"diameter": 121.365, "min_x": -10.5195, "min_y": -60.4225, "min_z": -9.4385, "size_x": 21.039, "size_y": 120.845, "size_z": 18.877, "symmetries_continuous": [{"axis": [0, 1, 0], "offset": [0, 0, 0]}]}, "cam_K": [[1066.778, 0.0, 312.9869], [0.0, 1067.487, 241.3109], [0.0, 0.0, 1.0]], "img_crop": "./templates/ycbv_desc/obj_18/000038.png", "img_desc": "./templates/ycbv_desc/obj_18/000038.npy", "uv_crop": "./templates/ycbv_desc/obj_18/000038_uv.npy"}, {"img_id": "39", "img_name": "./templates/ycbv/obj_18/000039.png", "mask_name": "./templates/ycbv/obj_18/mask_000039.png", "obj_id": "18", "bbox_obj": [255, 196, 108, 85], "cam_R_m2c": [[0.8041959002159698, 0.5943643277282261, 0.0], [-0.30058622736152735, 0.4067037680902968, -0.8626934362458765], [-0.5127542042698336, 0.6937745245721609, 0.5057272338507012]], "cam_t_m2c": [-0.0, -9.094947017729283e-14, 799.9999962854787], "model_path": "./templates/ycbv/models/obj_000018.ply", "model_info": {"diameter": 121.365, "min_x": -10.5195, "min_y": -60.4225, "min_z": -9.4385, "size_x": 21.039, "size_y": 120.845, "size_z": 18.877, "symmetries_continuous": [{"axis": [0, 1, 0], "offset": [0, 0, 0]}]}, "cam_K": [[1066.778, 0.0, 312.9869], [0.0, 1067.487, 241.3109], [0.0, 0.0, 1.0]], "img_crop": "./templates/ycbv_desc/obj_18/000039.png", "img_desc": "./templates/ycbv_desc/obj_18/000039.npy", "uv_crop": "./templates/ycbv_desc/obj_18/000039_uv.npy"}, {"img_id": "40", "img_name": "./templates/ycbv/obj_18/000040.png", "mask_name": "./templates/ycbv/obj_18/mask_000040.png", "obj_id": "18", "bbox_obj": [263, 197, 110, 83], "cam_R_m2c": [[0.8137818696632219, -0.5811704299148667, 0.0], [0.2939136074242659, 0.41155150478701763, -0.8626935436633312], [0.5013719776555979, 0.702044364908736, 0.5057270506128816]], "cam_t_m2c": [-9.094947017729283e-14, 4.5474735088646414e-14, 800.0000032835374], "model_path": "./templates/ycbv/models/obj_000018.ply", "model_info": {"diameter": 121.365, "min_x": -10.5195, "min_y": -60.4225, "min_z": -9.4385, "size_x": 21.039, "size_y": 120.845, "size_z": 18.877, "symmetries_continuous": [{"axis": [0, 1, 0], "offset": [0, 0, 0]}]}, "cam_K": [[1066.778, 0.0, 312.9869], [0.0, 1067.487, 241.3109], [0.0, 0.0, 1.0]], "img_crop": "./templates/ycbv_desc/obj_18/000040.png", "img_desc": "./templates/ycbv_desc/obj_18/000040.npy", "uv_crop": "./templates/ycbv_desc/obj_18/000040_uv.npy"}, {"img_id": "41", "img_name": "./templates/ycbv/obj_18/000041.png", "mask_name": "./templates/ycbv/obj_18/mask_000041.png", "obj_id": "18", "bbox_obj": [260, 199, 106, 85], "cam_R_m2c": [[-0.8137818696632219, -0.5811704299148667, -0.0], [0.2939136074242659, -0.41155150478701763, -0.8626935436633312], [0.5013719776555979, -0.702044364908736, 0.5057270506128816]], "cam_t_m2c": [9.094947017729283e-14, 4.5474735088646414e-14, 800.0000032835374], "model_path": "./templates/ycbv/models/obj_000018.ply", "model_info": {"diameter": 121.365, "min_x": -10.5195, "min_y": -60.4225, "min_z": -9.4385, "size_x": 21.039, "size_y": 120.845, "size_z": 18.877, "symmetries_continuous": [{"axis": [0, 1, 0], "offset": [0, 0, 0]}]}, "cam_K": [[1066.778, 0.0, 312.9869], [0.0, 1067.487, 241.3109], [0.0, 0.0, 1.0]], "img_crop": "./templates/ycbv_desc/obj_18/000041.png", "img_desc": "./templates/ycbv_desc/obj_18/000041.npy", "uv_crop": "./templates/ycbv_desc/obj_18/000041_uv.npy"}, {"img_id": "42", "img_name": "./templates/ycbv/obj_18/000042.png", "mask_name": "./templates/ycbv/obj_18/mask_000042.png", "obj_id": "18", "bbox_obj": [235, 219, 158, 46], "cam_R_m2c": [[-0.31675565390776267, 0.9485071722013839, 0.0], [-0.4796847748856518, -0.16019158208984272, -0.8626941368587449], [-0.8182715762266017, -0.2732632454430846, 0.5057260387102341]], "cam_t_m2c": [4.5474735088646414e-14, 4.5474735088646414e-14, 800.0000011063752], "model_path": "./t